time	V(tri)
0.000000000000000e+000	0.000000e+000	
1.24379e-04	4.96264e+00
2.48135e-04	4.94617e-02
3.71431e-04	4.95706e+00
4.94501e-04	2.72757e-02
6.17359e-04	4.99698e+00
7.40960e-04	8.87730e-03
8.64260e-04	4.99746e+00
9.88642e-04	3.99990e-02
1.11215e-03	4.95810e+00
1.23527e-03	2.84143e-02
1.35922e-03	4.95167e+00
1.48226e-03	3.13406e-02
1.60511e-03	4.99321e+00
1.72906e-03	2.68605e-02
1.85197e-03	4.99502e+00
1.97560e-03	1.16699e-02
2.09879e-03	4.99897e+00
2.22297e-03	3.03938e-02
2.34570e-03	4.99928e+00
2.46990e-03	3.09210e-02
2.59267e-03	4.99679e+00
2.71726e-03	4.89504e-02
2.83954e-03	4.99878e+00
2.96362e-03	2.68119e-02
3.08647e-03	4.99797e+00
3.21111e-03	4.99544e-02
3.33415e-03	4.96680e+00
3.45800e-03	4.91062e-02
3.58138e-03	4.95420e+00
3.70392e-03	8.56288e-03
3.82820e-03	4.95786e+00
3.95135e-03	2.95620e-02
4.07411e-03	4.99858e+00
4.19827e-03	2.99454e-02
4.32102e-03	4.99856e+00
4.44508e-03	2.56797e-02
4.56795e-03	4.99814e+00
4.69222e-03	3.48873e-02
4.81486e-03	4.99831e+00
4.93900e-03	2.93181e-02
5.06182e-03	4.99635e+00
5.18595e-03	3.10695e-02
5.30867e-03	4.99903e+00
5.43277e-03	2.72443e-02
5.55568e-03	4.99509e+00
5.68019e-03	4.77797e-02
5.80264e-03	4.99313e+00
5.92609e-03	6.56794e-03
6.04941e-03	4.99873e+00
6.17353e-03	2.79189e-02
6.29703e-03	4.97023e+00
6.42046e-03	2.84480e-02
6.54399e-03	4.96855e+00
6.66754e-03	3.52017e-02
6.79021e-03	4.99661e+00
6.91480e-03	4.93405e-02
7.03798e-03	4.96178e+00
7.16156e-03	4.30881e-02
7.28405e-03	4.99615e+00
7.40805e-03	2.58252e-02
7.53102e-03	4.99371e+00
7.65525e-03	3.76340e-02
7.77782e-03	4.99831e+00
7.90201e-03	3.12651e-02
8.02481e-03	4.99516e+00
8.14910e-03	3.85875e-02
8.27162e-03	4.99941e+00
8.39570e-03	2.58952e-02
8.51855e-03	4.99885e+00
8.64257e-03	2.40453e-02
8.76546e-03	4.99891e+00
8.88961e-03	2.93573e-02
9.01239e-03	4.99835e+00
9.13643e-03	2.53772e-02
9.25929e-03	4.99886e+00
9.38364e-03	3.74667e-02
9.50623e-03	4.99783e+00
9.63058e-03	3.82885e-02
9.75311e-03	4.99898e+00
9.87731e-03	3.12221e-02
1.00009e-02	4.96380e+00
1.01243e-02	3.21619e-02
1.02476e-02	4.97097e+00
1.03711e-02	3.09307e-02
1.04947e-02	4.96384e+00
1.06179e-02	2.57363e-02
1.07408e-02	4.99768e+00
1.08649e-02	2.73571e-02
1.09877e-02	4.99881e+00
1.11122e-02	4.44526e-02
1.12346e-02	4.99880e+00
1.13581e-02	4.50482e-03
1.14815e-02	4.99803e+00
1.16057e-02	3.06672e-02
1.17285e-02	4.99657e+00
1.18526e-02	2.91590e-02
1.19754e-02	4.99774e+00
1.20998e-02	4.33102e-02
1.22223e-02	4.99803e+00
1.23463e-02	2.59561e-02
1.24691e-02	4.99951e+00
1.25934e-02	3.45673e-02
1.27161e-02	4.99878e+00
1.28396e-02	5.04573e-03
1.29636e-02	4.97319e+00
1.30871e-02	2.80983e-02
1.32108e-02	4.96435e+00
1.33343e-02	3.85577e-02
1.34580e-02	4.95022e+00
1.35814e-02	4.77892e-02
1.37038e-02	4.99755e+00
1.38281e-02	3.84633e-02
1.39507e-02	4.99712e+00
1.40747e-02	2.52004e-02
1.41976e-02	4.99745e+00
1.43219e-02	3.82538e-02
1.44445e-02	4.99660e+00
1.45689e-02	3.96951e-02
1.46915e-02	4.99593e+00
1.48157e-02	3.52725e-02
1.49383e-02	4.99919e+00
1.50625e-02	3.00559e-02
1.51853e-02	4.99483e+00
1.53088e-02	4.72500e-03
1.54321e-02	4.99915e+00
1.55562e-02	2.62541e-02
1.56791e-02	4.99833e+00
1.58031e-02	2.36214e-02
1.59260e-02	4.99889e+00
1.60501e-02	2.81521e-02
1.61729e-02	4.99885e+00
1.62974e-02	4.61002e-02
1.64198e-02	4.99847e+00
1.65443e-02	4.52461e-02
1.66677e-02	4.95908e+00
1.67908e-02	2.85992e-02
1.69142e-02	4.97316e+00
1.70380e-02	3.88088e-02
1.71615e-02	4.95969e+00
1.72849e-02	3.73475e-02
1.74075e-02	4.99768e+00
1.75320e-02	4.48426e-02
1.76544e-02	4.99833e+00
1.77788e-02	4.16313e-02
1.79013e-02	4.99872e+00
1.80259e-02	4.78821e-02
1.81482e-02	4.99854e+00
1.82725e-02	3.62260e-02
1.83951e-02	4.99869e+00
1.85192e-02	2.94617e-02
1.86420e-02	4.99868e+00
1.87663e-02	3.36871e-02
1.88890e-02	4.99474e+00
1.90132e-02	3.47483e-02
1.91360e-02	4.99390e+00
1.92604e-02	4.45551e-02
1.93829e-02	4.99192e+00
1.95069e-02	3.08103e-02
1.96306e-02	4.95897e+00
1.97538e-02	3.07693e-02
1.98775e-02	4.96032e+00
2.00007e-02	2.87977e-02
2.01244e-02	4.96167e+00
2.02480e-02	4.23576e-02
2.03704e-02	4.99957e+00
2.04947e-02	3.59892e-02
2.06174e-02	4.99670e+00
2.07414e-02	2.55406e-02
2.08643e-02	4.99417e+00
2.09884e-02	2.82553e-02
2.11111e-02	4.99936e+00
2.12356e-02	4.36777e-02
2.13581e-02	4.99848e+00
2.14825e-02	4.05008e-02
2.16050e-02	4.99905e+00
2.17291e-02	2.96370e-02
2.18519e-02	4.99864e+00
2.19754e-02	4.42266e-03
2.20988e-02	4.99932e+00
2.22228e-02	2.51736e-02
2.23457e-02	4.99863e+00
2.24698e-02	2.60602e-02
2.25926e-02	4.99893e+00
2.27167e-02	2.55325e-02
2.28395e-02	4.99902e+00
2.29640e-02	4.08616e-02
2.30865e-02	4.99500e+00
2.32111e-02	4.98713e-02
2.33345e-02	4.95244e+00
2.34578e-02	4.25657e-02
2.35813e-02	4.95746e+00
2.37047e-02	3.97492e-02
2.38281e-02	4.96345e+00
2.39515e-02	3.38392e-02
2.40741e-02	4.99892e+00
2.41986e-02	4.15088e-02
2.43210e-02	4.99844e+00
2.44449e-02	1.93871e-02
2.45683e-02	4.98532e+00
2.46918e-02	1.97883e-02
2.48149e-02	4.99831e+00
2.49389e-02	2.62835e-02
2.50618e-02	4.99887e+00
2.51860e-02	3.15416e-02
2.53087e-02	4.99769e+00
2.54332e-02	4.62462e-02
2.55557e-02	4.99283e+00
2.56801e-02	4.21389e-02
2.58026e-02	4.99402e+00
2.59270e-02	4.45634e-02
2.60494e-02	4.99864e+00
2.61740e-02	4.59340e-02
2.62970e-02	4.96976e+00
2.64204e-02	2.60073e-02
2.65439e-02	4.97118e+00
2.66674e-02	3.03036e-02
2.67913e-02	4.95171e+00
2.69147e-02	4.34619e-02
2.70371e-02	4.99942e+00
2.71617e-02	4.75727e-02
2.72840e-02	4.99747e+00
2.74082e-02	3.12518e-02
2.75310e-02	4.99478e+00
2.76554e-02	4.17609e-02
2.77778e-02	4.99932e+00
2.79020e-02	2.98969e-02
2.80250e-02	4.98650e+00
2.81490e-02	3.50429e-02
2.82716e-02	4.99908e+00
2.83958e-02	2.94959e-02
2.85187e-02	4.99369e+00
2.86421e-02	4.72500e-03
2.87654e-02	4.99935e+00
2.88897e-02	3.14123e-02
2.90124e-02	4.99835e+00
2.91370e-02	4.95512e-02
2.92593e-02	4.99884e+00
2.93835e-02	3.09996e-02
2.95062e-02	4.99894e+00
2.96306e-02	3.95779e-02
2.97531e-02	4.99920e+00
2.98772e-02	2.78876e-02
3.00011e-02	4.95658e+00
3.01242e-02	3.11690e-02
3.02479e-02	4.96017e+00
3.03713e-02	3.59634e-02
3.04950e-02	4.95427e+00
3.06180e-02	2.81871e-02
3.07418e-02	4.95544e+00
3.08643e-02	4.01657e-03
3.09879e-02	4.98815e+00
3.11112e-02	4.48184e-03
3.12346e-02	4.99774e+00
3.13584e-02	1.53593e-02
3.14815e-02	4.99728e+00
3.16058e-02	3.39510e-02
3.17284e-02	4.99870e+00
3.18527e-02	3.44411e-02
3.19754e-02	4.99627e+00
3.20996e-02	3.43574e-02
3.22224e-02	4.99339e+00
3.23464e-02	3.04342e-02
3.24692e-02	4.99875e+00
3.25938e-02	4.94533e-02
3.27163e-02	4.98807e+00
3.28403e-02	3.03080e-02
3.29636e-02	4.97433e+00
3.30875e-02	4.19839e-02
3.32107e-02	4.96776e+00
3.33344e-02	4.42159e-02
3.34576e-02	4.96553e+00
3.35814e-02	4.86860e-02
3.37037e-02	4.99920e+00
3.38280e-02	3.21350e-02
3.39515e-02	4.96270e+00
3.40753e-02	4.93444e-02
3.41976e-02	4.99848e+00
3.43221e-02	4.54126e-02
3.44445e-02	4.99576e+00
3.45686e-02	2.70619e-02
3.46922e-02	4.96779e+00
3.48160e-02	4.68784e-02
3.49383e-02	4.99827e+00
3.50629e-02	4.62126e-02
3.51855e-02	4.98699e+00
3.53094e-02	3.07262e-02
3.54321e-02	4.99937e+00
3.55563e-02	3.05680e-02
3.56790e-02	4.99940e+00
3.58028e-02	1.34787e-02
3.59260e-02	4.99635e+00
3.60505e-02	4.52686e-02
3.61729e-02	4.99859e+00
3.62972e-02	3.52086e-02
3.64198e-02	4.99928e+00
3.65444e-02	4.63889e-02
3.66677e-02	4.95840e+00
3.67908e-02	2.78839e-02
3.69143e-02	4.97013e+00
3.70380e-02	3.83110e-02
3.71615e-02	4.95805e+00
3.72850e-02	4.10531e-02
3.74075e-02	4.99740e+00
3.75318e-02	3.86758e-02
3.76544e-02	4.99699e+00
3.77779e-02	4.32033e-03
3.79013e-02	4.99834e+00
3.80255e-02	3.31555e-02
3.81482e-02	4.99722e+00
3.82726e-02	4.01214e-02
3.83951e-02	4.99724e+00
3.85195e-02	3.83250e-02
3.86421e-02	4.99610e+00
3.87661e-02	2.56313e-02
3.88890e-02	4.99557e+00
3.90130e-02	2.63982e-02
3.91360e-02	4.99332e+00
3.92599e-02	2.39663e-02
3.93828e-02	4.99826e+00
3.95070e-02	3.31622e-02
3.96304e-02	4.96753e+00
3.97539e-02	3.30786e-02
3.98772e-02	4.97473e+00
4.00012e-02	4.72387e-02
4.01245e-02	4.95952e+00
4.02479e-02	4.15875e-02
4.03704e-02	4.99938e+00
4.04945e-02	2.86259e-02
4.06173e-02	4.99779e+00
4.07414e-02	2.47981e-02
4.08643e-02	4.99701e+00
4.09883e-02	2.76843e-02
4.11112e-02	4.99620e+00
4.12352e-02	2.47716e-02
4.13581e-02	4.99850e+00
4.14822e-02	2.93127e-02
4.16050e-02	4.99839e+00
4.17291e-02	2.88838e-02
4.18519e-02	4.99626e+00
4.19758e-02	2.04705e-02
4.20988e-02	4.99832e+00
4.22229e-02	2.92978e-02
4.23457e-02	4.99887e+00
4.24696e-02	1.92795e-02
4.25926e-02	4.99827e+00
4.27167e-02	2.62825e-02
4.28395e-02	4.99918e+00
4.29641e-02	4.71900e-02
4.30865e-02	4.99812e+00
4.32111e-02	5.00492e-02
4.33342e-02	4.96684e+00
4.34576e-02	3.38326e-02
4.35809e-02	4.97362e+00
4.37046e-02	3.78303e-02
4.38284e-02	4.95073e+00
4.39514e-02	3.10413e-02
4.40742e-02	4.99687e+00
4.41986e-02	4.37685e-02
4.43211e-02	4.99683e+00
4.44449e-02	2.02442e-02
4.45689e-02	4.95872e+00
4.46923e-02	3.83250e-02
4.48148e-02	4.99917e+00
4.49391e-02	3.23785e-02
4.50618e-02	4.99713e+00
4.51861e-02	3.63192e-02
4.53099e-02	4.94990e+00
4.54322e-02	4.49045e-03
4.55556e-02	4.99630e+00
4.56802e-02	4.83063e-02
4.58025e-02	4.99875e+00
4.59270e-02	4.45622e-02
4.60494e-02	4.99750e+00
4.61736e-02	3.22851e-02
4.62970e-02	4.97251e+00
4.64206e-02	3.31875e-02
4.65440e-02	4.96726e+00
4.66674e-02	2.91735e-02
4.67911e-02	4.95927e+00
4.69145e-02	3.91408e-02
4.70370e-02	4.99956e+00
4.71617e-02	4.80432e-02
4.72840e-02	4.99890e+00
4.74081e-02	2.87049e-02
4.75309e-02	4.99681e+00
4.76556e-02	4.97790e-02
4.77778e-02	4.99768e+00
4.79019e-02	2.80889e-02
4.80247e-02	4.99848e+00
4.81493e-02	4.46265e-02
4.82716e-02	4.99826e+00
4.83958e-02	2.79099e-02
4.85187e-02	4.99067e+00
4.86421e-02	4.72500e-03
4.87655e-02	4.99916e+00
4.88900e-02	4.46546e-02
4.90124e-02	4.99901e+00
4.91359e-02	4.53011e-03
4.92593e-02	4.99890e+00
4.93835e-02	3.24281e-02
4.95063e-02	4.99418e+00
4.96307e-02	4.42039e-02
4.97531e-02	4.99850e+00
4.98774e-02	3.34354e-02
5.00007e-02	4.97314e+00
5.01246e-02	4.51245e-02
5.02477e-02	4.96824e+00
5.03710e-02	2.69676e-02
5.04949e-02	4.95697e+00
5.06179e-02	2.65486e-02
5.07408e-02	4.99902e+00
5.08648e-02	2.58568e-02
5.09877e-02	4.99689e+00
5.11124e-02	5.02985e-02
5.12346e-02	4.99848e+00
5.13582e-02	7.02974e-03
5.14815e-02	4.99952e+00
5.16053e-02	1.46125e-02
5.17284e-02	4.99923e+00
5.18523e-02	1.78311e-02
5.19754e-02	4.99747e+00
5.21000e-02	4.85079e-02
5.22223e-02	4.99541e+00
5.23463e-02	2.37713e-02
5.24693e-02	4.99166e+00
5.25937e-02	4.44103e-02
5.27161e-02	4.99948e+00
5.28403e-02	3.07305e-02
5.29636e-02	4.97244e+00
5.30875e-02	4.44707e-02
5.32106e-02	4.96936e+00
5.33341e-02	3.07935e-02
5.34578e-02	4.95961e+00
5.35814e-02	4.57267e-02
5.37038e-02	4.99766e+00
5.38284e-02	4.99643e-02
5.39506e-02	4.99920e+00
5.40753e-02	4.76482e-02
5.41976e-02	4.99665e+00
5.43220e-02	3.94705e-02
5.44445e-02	4.99942e+00
5.45689e-02	4.04442e-02
5.46915e-02	4.99624e+00
5.48160e-02	4.78194e-02
5.49383e-02	4.99847e+00
5.50629e-02	4.71234e-02
5.51852e-02	4.99872e+00
5.53094e-02	3.06486e-02
5.54321e-02	4.99846e+00
5.55563e-02	3.04151e-02
5.56790e-02	4.99853e+00
5.58027e-02	9.77170e-03
5.59259e-02	4.99914e+00
5.60501e-02	2.89522e-02
5.61733e-02	4.98088e+00
5.62975e-02	4.77315e-02
5.64198e-02	4.99910e+00
5.65444e-02	4.71524e-02
5.66676e-02	4.96167e+00
5.67910e-02	3.48505e-02
5.69144e-02	4.96769e+00
5.70377e-02	2.71088e-02
5.71617e-02	4.95180e+00
5.72850e-02	4.11065e-02
5.74075e-02	4.99798e+00
5.75316e-02	3.09289e-02
5.76544e-02	4.99654e+00
5.77789e-02	4.52810e-02
5.79013e-02	4.99872e+00
5.80259e-02	4.87180e-02
5.81482e-02	4.99709e+00
5.82724e-02	3.29965e-02
5.83951e-02	4.99752e+00
5.85193e-02	3.20204e-02
5.86420e-02	4.99793e+00
5.87661e-02	2.54587e-02
5.88891e-02	4.99280e+00
5.90130e-02	2.80548e-02
5.91360e-02	4.99397e+00
5.92594e-02	4.72500e-03
5.93831e-02	4.98570e+00
5.95073e-02	4.58798e-02
5.96308e-02	4.95281e+00
5.97533e-02	8.60524e-03
5.98778e-02	4.95088e+00
6.00000e-02	7.86837e-12
