time	V(A,B)
0.000000000000000e+000	0.000000e+000	
3.72517e-04	-9.64047e-02
3.72527e-04	-3.07278e-01
3.72528e-04	1.03879e+00
3.72529e-04	7.54849e+00
3.72530e-04	4.37145e+01
3.72531e-04	1.34039e+02
3.72532e-04	2.55676e+02
3.72532e-04	2.68659e+02
3.72532e-04	2.86822e+02
3.72533e-04	2.95658e+02
3.72533e-04	3.01662e+02
3.72533e-04	3.04048e+02
3.72533e-04	3.04889e+02
3.72534e-04	3.05646e+02
3.72535e-04	3.06959e+02
3.72539e-04	3.09483e+02
3.72541e-04	3.09832e+02
3.72659e-04	3.09998e+02
5.41041e-04	3.08474e+02
5.41057e-04	3.08737e+02
5.41551e-04	3.08385e+02
5.57029e-04	3.08175e+02
7.97634e-04	3.06286e+02
7.97635e-04	3.05887e+02
7.97637e-04	3.05055e+02
7.97639e-04	3.03184e+02
7.97639e-04	3.03088e+02
7.97640e-04	3.03414e+02
7.97643e-04	3.05981e+02
7.97645e-04	3.06227e+02
7.97765e-04	3.06390e+02
9.06615e-04	3.05776e+02
9.06616e-04	3.05868e+02
9.06616e-04	3.05709e+02
9.06616e-04	3.05079e+02
9.06616e-04	3.03290e+02
9.06617e-04	3.00410e+02
9.06617e-04	2.96393e+02
9.06617e-04	2.91747e+02
9.06618e-04	2.85419e+02
9.06618e-04	2.79012e+02
9.06619e-04	2.71597e+02
9.06620e-04	2.67425e+02
9.06620e-04	2.65122e+02
9.06622e-04	2.58558e+02
9.06623e-04	2.52272e+02
9.06623e-04	2.39469e+02
9.06624e-04	2.16275e+02
9.06624e-04	1.82851e+02
9.06624e-04	1.42022e+02
9.06624e-04	1.04371e+02
9.06625e-04	4.03382e+01
9.06625e-04	1.97359e+01
9.06625e-04	1.10245e+01
9.06625e-04	6.40798e+00
9.06625e-04	3.06348e+00
9.06626e-04	-6.75289e-01
9.06697e-04	-8.30311e-01
1.81955e-03	-6.49232e-01
1.81956e-03	-5.11042e-01
1.81956e-03	-3.86138e-01
1.81956e-03	-2.28356e+00
1.81956e-03	-1.24179e+01
1.81956e-03	-5.87912e+01
1.81957e-03	-1.57360e+02
1.81957e-03	-2.72952e+02
1.81957e-03	-2.84626e+02
1.81957e-03	-2.99809e+02
1.81957e-03	-3.06221e+02
1.81957e-03	-3.07552e+02
1.81957e-03	-3.10135e+02
1.81957e-03	-3.10515e+02
1.81964e-03	-3.10716e+02
1.85190e-03	-3.10388e+02
1.85190e-03	-2.85425e+02
1.85190e-03	-2.05054e+02
1.85191e-03	-1.00419e+02
1.85191e-03	-1.89796e+01
1.85191e-03	-1.33747e+01
1.85191e-03	-7.88419e+00
1.85191e-03	-6.09561e+00
1.85191e-03	-4.96460e+00
1.85191e-03	-2.39215e+00
1.85191e-03	-1.90109e+00
1.85192e-03	-1.56207e+00
1.85195e-03	-1.34070e+00
2.10824e-03	-9.38965e-01
2.10825e-03	-7.19665e-01
2.10825e-03	-1.09027e+00
2.10825e-03	-1.53107e+00
2.10826e-03	-4.73044e+00
2.10826e-03	-9.25134e+00
2.10826e-03	-2.81575e+01
2.10826e-03	-6.87451e+01
2.10826e-03	-1.23831e+02
2.10826e-03	-1.88426e+02
2.10826e-03	-2.41839e+02
2.10827e-03	-2.82839e+02
2.10827e-03	-3.08054e+02
2.10828e-03	-3.08237e+02
2.21931e-03	-3.07478e+02
2.21931e-03	-3.06201e+02
2.21931e-03	-3.00504e+02
2.21931e-03	-2.80551e+02
2.21931e-03	-2.72837e+02
2.21931e-03	-2.69268e+02
2.21931e-03	-2.65886e+02
2.21932e-03	-2.60592e+02
2.21932e-03	-2.57383e+02
2.21932e-03	-1.35211e+02
2.21932e-03	-2.38139e+01
2.21932e-03	-1.42681e+01
2.21932e-03	-4.40127e+00
2.21932e-03	-5.05595e-01
2.21932e-03	-1.18742e-01
2.23953e-03	9.40096e-03
3.03181e-03	-1.39357e-02
3.03181e-03	-1.03429e+01
3.03181e-03	-4.70694e+01
3.03181e-03	-1.37659e+02
3.03182e-03	-2.62496e+02
3.03182e-03	-2.72676e+02
3.03182e-03	-2.96324e+02
3.03182e-03	-3.04366e+02
3.03182e-03	-3.05785e+02
3.03182e-03	-3.08367e+02
3.03182e-03	-3.08898e+02
3.03184e-03	-3.09135e+02
3.27348e-03	-3.07318e+02
3.56620e-03	-3.05462e+02
3.70586e-03	-3.04823e+02
3.70586e-03	-3.02628e+02
3.70586e-03	-2.95264e+02
3.70586e-03	-2.84724e+02
3.70586e-03	-2.75475e+02
3.70586e-03	-2.68591e+02
3.70586e-03	-2.65258e+02
3.70586e-03	-2.62041e+02
3.70586e-03	-2.59440e+02
3.70586e-03	-2.56562e+02
3.70586e-03	-2.54701e+02
3.70587e-03	-1.27544e+02
3.70587e-03	-1.58820e+01
3.70587e-03	-3.84585e+00
3.70587e-03	2.18328e-01
3.70620e-03	3.36240e-01
4.23995e-03	3.65390e-01
4.23995e-03	-4.42202e+00
4.23995e-03	-2.60510e+01
4.23996e-03	-9.20752e+01
4.23996e-03	-2.12882e+02
4.23996e-03	-2.29774e+02
4.23996e-03	-2.58953e+02
4.23996e-03	-2.79728e+02
4.23996e-03	-2.83060e+02
4.23996e-03	-2.87954e+02
4.23996e-03	-2.94795e+02
4.23996e-03	-2.98723e+02
4.23996e-03	-3.00653e+02
4.23996e-03	-3.01520e+02
4.23996e-03	-3.02005e+02
4.23996e-03	-3.04692e+02
4.23996e-03	-3.05918e+02
4.23997e-03	-3.06352e+02
4.23997e-03	-3.06742e+02
4.24000e-03	-3.06977e+02
4.54143e-03	-3.05145e+02
4.54144e-03	-3.05377e+02
4.79671e-03	-3.04253e+02
4.79672e-03	-3.03909e+02
4.79672e-03	-3.03110e+02
4.79672e-03	-3.03033e+02
4.79672e-03	-3.03672e+02
4.79680e-03	-3.03868e+02
5.18327e-03	-3.02610e+02
5.18327e-03	-3.02748e+02
5.18327e-03	-3.02609e+02
5.18327e-03	-3.01692e+02
5.18327e-03	-2.99288e+02
5.18327e-03	-2.95170e+02
5.18327e-03	-2.84825e+02
5.18328e-03	-2.76996e+02
5.18328e-03	-2.69495e+02
5.18328e-03	-2.64820e+02
5.18328e-03	-2.62206e+02
5.18328e-03	-2.59703e+02
5.18328e-03	-2.55359e+02
5.18328e-03	-2.52115e+02
5.18328e-03	-2.44790e+02
5.18328e-03	-2.31833e+02
5.18328e-03	-2.08845e+02
5.18328e-03	-1.78738e+02
5.18328e-03	-1.45074e+02
5.18328e-03	-9.79120e+01
5.18328e-03	-3.83202e+01
5.18328e-03	-1.82438e+01
5.18328e-03	-9.62348e+00
5.18328e-03	-3.18839e+00
5.18328e-03	-1.88008e+00
5.18328e-03	-7.08348e-02
5.18328e-03	2.93097e-01
5.18328e-03	6.55588e-01
5.18329e-03	8.28012e-01
5.46041e-03	8.19017e-01
5.46041e-03	2.47885e-01
5.46042e-03	-8.18336e+00
5.46042e-03	-6.17267e+01
5.46042e-03	-1.69471e+02
5.46042e-03	-2.79088e+02
5.46042e-03	-2.87419e+02
5.46042e-03	-2.95142e+02
5.46042e-03	-2.97559e+02
5.46042e-03	-2.98502e+02
5.46042e-03	-2.99079e+02
5.46042e-03	-3.00038e+02
5.46043e-03	-3.03175e+02
5.46043e-03	-3.03815e+02
5.46043e-03	-3.04174e+02
5.46052e-03	-3.04357e+02
5.87477e-03	-3.02807e+02
5.87477e-03	-3.03176e+02
5.87478e-03	-3.03039e+02
5.87478e-03	-3.03349e+02
6.13007e-03	-3.02599e+02
6.13007e-03	-3.02376e+02
6.13007e-03	-3.01866e+02
6.13007e-03	-3.00450e+02
6.13007e-03	-3.00209e+02
6.13007e-03	-3.00555e+02
6.13007e-03	-3.01632e+02
6.13008e-03	-3.01926e+02
6.13017e-03	-3.02101e+02
6.61979e-03	-3.01248e+02
6.61979e-03	-3.01294e+02
6.61979e-03	-3.00903e+02
6.61980e-03	-2.99471e+02
6.61980e-03	-2.95602e+02
6.61980e-03	-2.90737e+02
6.61980e-03	-2.84971e+02
6.61980e-03	-2.78258e+02
6.61980e-03	-2.73219e+02
6.61980e-03	-2.67819e+02
6.61980e-03	-2.64115e+02
6.61980e-03	-2.61159e+02
6.61980e-03	-2.58953e+02
6.61980e-03	-2.54769e+02
6.61980e-03	-2.49038e+02
6.61980e-03	-2.38537e+02
6.61980e-03	-2.19452e+02
6.61980e-03	-1.89216e+02
6.61980e-03	-1.15306e+02
6.61980e-03	-5.47597e+01
6.61980e-03	-2.72006e+01
6.61980e-03	-1.42434e+01
6.61980e-03	-5.68976e+00
6.61980e-03	-4.50342e+00
6.61980e-03	-3.25752e+00
6.61980e-03	-1.73977e+00
6.61980e-03	1.42236e-01
6.61980e-03	6.64156e-01
6.61981e-03	8.89030e-01
6.61991e-03	1.03428e+00
6.70940e-03	9.61366e-01
6.70940e-03	-1.31561e-01
6.70940e-03	-6.73736e+00
6.70940e-03	-5.35383e+01
6.70940e-03	-1.55797e+02
6.70940e-03	-2.70269e+02
6.70940e-03	-2.80007e+02
6.70940e-03	-2.90086e+02
6.70940e-03	-2.94116e+02
6.70940e-03	-2.95580e+02
6.70940e-03	-2.96194e+02
6.70940e-03	-2.96776e+02
6.70941e-03	-3.00067e+02
6.70941e-03	-3.01021e+02
6.70941e-03	-3.01533e+02
6.70943e-03	-3.01857e+02
6.71043e-03	-3.01963e+02
7.20771e-03	-3.01167e+02
7.20771e-03	-3.01504e+02
7.20772e-03	-3.01401e+02
7.20772e-03	-3.01714e+02
7.46430e-03	-3.01275e+02
7.46430e-03	-3.00753e+02
7.46430e-03	-2.99198e+02
7.46430e-03	-2.98603e+02
7.46431e-03	-2.98662e+02
7.46431e-03	-2.99908e+02
7.46431e-03	-3.00368e+02
7.46431e-03	-3.00639e+02
7.46440e-03	-3.00814e+02
7.99843e-03	-3.00467e+02
7.99843e-03	-3.00576e+02
7.99843e-03	-3.00290e+02
7.99843e-03	-2.98883e+02
7.99843e-03	-2.94802e+02
7.99843e-03	-2.89399e+02
7.99843e-03	-2.83266e+02
7.99843e-03	-2.77387e+02
7.99843e-03	-2.70462e+02
7.99843e-03	-2.63623e+02
7.99843e-03	-2.60443e+02
7.99843e-03	-2.58068e+02
7.99844e-03	-2.53272e+02
7.99844e-03	-2.49129e+02
7.99844e-03	-2.40349e+02
7.99844e-03	-2.24483e+02
7.99844e-03	-1.98592e+02
7.99844e-03	-1.62978e+02
7.99844e-03	-1.28453e+02
7.99844e-03	-7.24353e+01
7.99844e-03	-3.43098e+01
7.99844e-03	-1.72202e+01
7.99844e-03	-8.42238e+00
7.99844e-03	-2.44534e+00
7.99844e-03	-7.85289e-01
7.99844e-03	5.51053e-01
7.99844e-03	7.13465e-01
7.99844e-03	8.90990e-01
7.99845e-03	1.06007e+00
8.00208e-03	1.05847e+00
8.00208e-03	5.27090e-01
8.00209e-03	-4.66845e-01
8.00209e-03	-2.32468e+01
8.00209e-03	-1.04022e+02
8.00209e-03	-2.32020e+02
8.00209e-03	-2.46868e+02
8.00209e-03	-2.68045e+02
8.00209e-03	-2.81609e+02
8.00209e-03	-2.89927e+02
8.00209e-03	-2.92869e+02
8.00209e-03	-2.94130e+02
8.00209e-03	-2.94842e+02
8.00209e-03	-2.95562e+02
8.00210e-03	-2.98834e+02
8.00210e-03	-2.99609e+02
8.00210e-03	-3.00068e+02
8.00212e-03	-3.00372e+02
8.48622e-03	-3.00299e+02
8.48622e-03	-3.00556e+02
8.48623e-03	-3.00517e+02
8.48623e-03	-2.94965e+02
8.48623e-03	-2.77973e+02
8.48623e-03	-2.18705e+02
8.48623e-03	-1.13377e+02
8.48623e-03	-1.01756e+01
8.48623e-03	-2.15338e+00
8.48623e-03	-1.05118e+00
8.48623e-03	7.74658e-01
8.48623e-03	4.37863e+00
8.48624e-03	6.28311e+00
8.48624e-03	8.06076e+00
8.48624e-03	9.46280e+00
8.48624e-03	9.67419e+00
8.48664e-03	9.78943e+00
8.78509e-03	7.19354e+00
8.88598e-03	6.45053e+00
8.88598e-03	6.07535e+00
8.88598e-03	5.06152e+00
8.88598e-03	2.91153e+00
8.88598e-03	7.89490e-02
8.88598e-03	-9.00531e+00
8.88598e-03	-1.53055e+01
8.88598e-03	-2.12219e+01
8.88598e-03	-2.48106e+01
8.88598e-03	-2.84330e+01
8.88598e-03	-3.16073e+01
8.88598e-03	-3.40902e+01
8.88598e-03	-3.56824e+01
8.88598e-03	-3.88807e+01
8.88598e-03	-4.09169e+01
8.88598e-03	-4.24487e+01
8.88598e-03	-4.55233e+01
8.88598e-03	-5.16798e+01
8.88598e-03	-6.59416e+01
8.88599e-03	-8.71853e+01
8.88599e-03	-1.17039e+02
8.88599e-03	-1.51238e+02
8.88599e-03	-1.97782e+02
8.88599e-03	-2.57043e+02
8.88599e-03	-2.78060e+02
8.88599e-03	-2.87370e+02
8.88599e-03	-2.92784e+02
8.88599e-03	-2.95634e+02
8.88599e-03	-2.97324e+02
8.88599e-03	-2.98508e+02
8.88599e-03	-2.99403e+02
8.88599e-03	-2.99762e+02
8.88599e-03	-3.00803e+02
8.88686e-03	-3.00910e+02
9.31779e-03	-3.00819e+02
9.31779e-03	-3.00927e+02
9.31779e-03	-3.00636e+02
9.31779e-03	-2.99190e+02
9.31779e-03	-2.95031e+02
9.31779e-03	-2.89560e+02
9.31779e-03	-2.83331e+02
9.31780e-03	-2.77507e+02
9.31780e-03	-2.70465e+02
9.31780e-03	-2.63765e+02
9.31780e-03	-2.60604e+02
9.31780e-03	-2.58175e+02
9.31780e-03	-2.53662e+02
9.31780e-03	-2.50319e+02
9.31780e-03	-2.42791e+02
9.31780e-03	-2.29489e+02
9.31780e-03	-2.06052e+02
9.31780e-03	-1.72921e+02
9.31780e-03	-1.39461e+02
9.31780e-03	-8.94295e+01
9.31780e-03	-3.82777e+01
9.31780e-03	-1.85286e+01
9.31780e-03	-9.43184e+00
9.31780e-03	-3.09540e+00
9.31780e-03	-1.39643e+00
9.31780e-03	-3.11156e-01
9.31780e-03	5.92118e-03
9.31780e-03	2.39822e-01
9.31835e-03	3.52173e-01
9.35049e-03	2.85818e-01
9.35049e-03	-1.08349e+00
9.35049e-03	-1.26253e+01
9.35049e-03	-7.49183e+01
9.35049e-03	-2.04266e+02
9.35049e-03	-2.21868e+02
9.35049e-03	-2.48611e+02
9.35049e-03	-2.71111e+02
9.35049e-03	-2.85251e+02
9.35049e-03	-2.93660e+02
9.35049e-03	-2.95135e+02
9.35049e-03	-2.95893e+02
9.35050e-03	-2.99610e+02
9.35050e-03	-3.00304e+02
9.35051e-03	-3.00757e+02
9.35053e-03	-3.01029e+02
9.69847e-03	-3.00930e+02
9.69848e-03	-3.00092e+02
9.69848e-03	-2.93802e+02
9.69848e-03	-2.55076e+02
9.69848e-03	-1.61090e+02
9.69848e-03	-3.82757e+01
9.69848e-03	-2.48152e+01
9.69848e-03	-2.21468e+01
9.69848e-03	-1.75784e+01
9.69848e-03	-1.05146e+01
9.69848e-03	-4.80838e+00
9.69848e-03	2.19421e+00
9.69848e-03	4.35684e+00
9.69848e-03	5.90973e+00
9.69849e-03	7.65964e+00
9.69849e-03	8.06305e+00
9.69853e-03	8.29303e+00
1.00241e-02	5.93848e+00
1.03725e-02	4.18280e+00
1.03725e-02	4.23068e+00
1.03725e-02	2.23758e+00
1.03725e-02	-4.82837e+00
1.03725e-02	-1.53014e+01
1.03725e-02	-2.47041e+01
1.03725e-02	-3.17595e+01
1.03725e-02	-3.51223e+01
1.03725e-02	-3.84109e+01
1.03725e-02	-4.10127e+01
1.03725e-02	-4.33593e+01
1.03725e-02	-1.45449e+02
1.03725e-02	-2.71517e+02
1.03725e-02	-2.92423e+02
1.03725e-02	-3.00832e+02
1.03727e-02	-3.00960e+02
1.05868e-02	-3.00955e+02
1.05868e-02	-3.00844e+02
1.05868e-02	-3.00015e+02
1.05868e-02	-2.97644e+02
1.05868e-02	-2.93214e+02
1.05868e-02	-2.82112e+02
1.05868e-02	-2.76949e+02
1.05868e-02	-2.71607e+02
1.05868e-02	-2.67021e+02
1.05868e-02	-2.63677e+02
1.05868e-02	-2.60740e+02
1.05868e-02	-2.58231e+02
1.05868e-02	-2.53925e+02
1.05868e-02	-2.47809e+02
1.05868e-02	-2.35316e+02
1.05868e-02	-2.13311e+02
1.05868e-02	-1.80718e+02
1.05868e-02	-1.39468e+02
1.05868e-02	-1.01556e+02
1.05868e-02	-3.71790e+01
1.05868e-02	-1.69375e+01
1.05868e-02	-8.41557e+00
1.05868e-02	-2.74785e+00
1.05868e-02	-1.25764e+00
1.05868e-02	-3.62336e-01
1.05868e-02	-6.16843e-02
1.05869e-02	1.44551e-01
1.07591e-02	1.46914e-01
1.07591e-02	-4.98077e-01
1.07591e-02	-1.50125e+00
1.07591e-02	-2.01617e+00
1.07591e-02	-1.11450e+02
1.07591e-02	-2.39236e+02
1.07591e-02	-2.53759e+02
1.07592e-02	-2.74775e+02
1.07592e-02	-2.85921e+02
1.07592e-02	-2.93034e+02
1.07592e-02	-2.95547e+02
1.07592e-02	-2.96482e+02
1.07592e-02	-2.96922e+02
1.07592e-02	-2.97829e+02
1.07592e-02	-3.01294e+02
1.07592e-02	-3.01827e+02
1.07592e-02	-3.02218e+02
1.07592e-02	-3.02431e+02
1.09066e-02	-3.02181e+02
1.09066e-02	-3.00524e+02
1.09066e-02	-2.84765e+02
1.09066e-02	-2.22520e+02
1.09066e-02	-1.16459e+02
1.09066e-02	-1.57322e+01
1.09066e-02	-8.46643e+00
1.09066e-02	-1.58920e+00
1.09066e-02	2.46521e-01
1.09066e-02	1.37827e+00
1.09066e-02	3.89697e+00
1.09066e-02	4.43204e+00
1.09066e-02	4.89893e+00
1.09066e-02	5.17374e+00
1.13763e-02	3.23682e+00
1.18196e-02	1.96704e+00
1.18196e-02	2.42047e+00
1.18196e-02	4.00745e+00
1.18196e-02	8.08319e+00
1.18196e-02	1.31040e+01
1.18196e-02	1.89924e+01
1.18196e-02	2.48813e+01
1.18196e-02	3.02018e+01
1.18196e-02	3.56168e+01
1.18196e-02	3.92187e+01
1.18196e-02	4.21838e+01
1.18196e-02	4.44238e+01
1.18196e-02	4.65502e+01
1.18196e-02	4.88829e+01
1.18196e-02	5.72828e+01
1.18196e-02	7.28833e+01
1.18196e-02	1.01845e+02
1.18196e-02	1.41137e+02
1.18196e-02	1.79236e+02
1.18196e-02	2.27019e+02
1.18196e-02	2.67724e+02
1.18196e-02	2.70643e+02
1.18196e-02	2.81839e+02
1.18196e-02	2.90318e+02
1.18196e-02	2.96293e+02
1.18196e-02	3.03404e+02
1.18196e-02	3.03565e+02
1.18499e-02	3.03538e+02
1.18499e-02	3.03636e+02
1.18499e-02	3.03353e+02
1.18499e-02	3.02107e+02
1.18499e-02	2.98430e+02
1.18499e-02	2.93087e+02
1.18499e-02	2.87688e+02
1.18499e-02	2.81375e+02
1.18499e-02	2.75173e+02
1.18499e-02	2.67454e+02
1.18499e-02	2.64070e+02
1.18499e-02	2.61862e+02
1.18499e-02	2.55520e+02
1.18499e-02	2.53307e+02
1.18499e-02	2.49838e+02
1.18499e-02	2.49133e+02
1.18499e-02	2.47004e+02
1.18499e-02	2.41233e+02
1.18499e-02	2.26643e+02
1.18499e-02	2.01561e+02
1.18499e-02	1.70365e+02
1.18499e-02	1.31309e+02
1.18499e-02	7.99887e+01
1.18499e-02	4.03253e+01
1.18499e-02	2.16437e+01
1.18499e-02	1.22269e+01
1.18499e-02	5.11125e+00
1.18499e-02	3.14311e+00
1.18499e-02	1.10096e+00
1.18499e-02	5.01953e-01
1.18500e-02	1.54018e-01
1.21271e-02	1.16028e-01
1.21271e-02	7.66852e-01
1.21271e-02	1.17835e+01
1.21271e-02	6.94473e+01
1.21271e-02	1.76772e+02
1.21271e-02	2.82380e+02
1.21271e-02	2.90181e+02
1.21271e-02	2.96986e+02
1.21271e-02	2.98825e+02
1.21271e-02	2.99594e+02
1.21271e-02	3.00143e+02
1.21271e-02	3.02776e+02
1.21271e-02	3.03958e+02
1.21271e-02	3.04662e+02
1.21271e-02	3.05019e+02
1.21272e-02	3.05235e+02
1.22193e-02	3.04780e+02
1.22193e-02	3.04158e+02
1.22193e-02	2.99465e+02
1.22193e-02	2.65651e+02
1.22193e-02	1.77675e+02
1.22193e-02	5.39881e+01
1.22193e-02	4.04724e+01
1.22193e-02	2.19468e+01
1.22193e-02	1.32460e+01
1.22193e-02	8.27624e+00
1.22193e-02	6.48850e+00
1.22193e-02	5.78223e+00
1.22193e-02	5.28693e+00
1.22193e-02	1.55649e+00
1.22193e-02	8.55957e-01
1.22193e-02	4.66766e-01
1.22194e-02	2.54608e-01
1.30318e-02	4.43420e-02
1.30318e-02	-7.57751e-02
1.30318e-02	1.24146e-01
1.30318e-02	1.23111e+00
1.30318e-02	4.37500e+00
1.30318e-02	9.13242e+00
1.30318e-02	1.55442e+01
1.30318e-02	2.12359e+01
1.30318e-02	2.79014e+01
1.30318e-02	3.54772e+01
1.30318e-02	3.91058e+01
1.30318e-02	4.14047e+01
1.30318e-02	4.80676e+01
1.30318e-02	5.04229e+01
1.30318e-02	5.39523e+01
1.30318e-02	2.08716e+02
1.30318e-02	2.27569e+02
1.30318e-02	2.63481e+02
1.30318e-02	2.75653e+02
1.30318e-02	2.85078e+02
1.30318e-02	2.91910e+02
1.30318e-02	3.02457e+02
1.30319e-02	3.02622e+02
1.32865e-02	3.02200e+02
1.32865e-02	3.01980e+02
1.32865e-02	3.00829e+02
1.32865e-02	2.97761e+02
1.32865e-02	2.92952e+02
1.32865e-02	2.87168e+02
1.32865e-02	2.81301e+02
1.32865e-02	2.74319e+02
1.32865e-02	2.70555e+02
1.32865e-02	2.66873e+02
1.32865e-02	2.63849e+02
1.32865e-02	2.61180e+02
1.32865e-02	2.54923e+02
1.32865e-02	2.52362e+02
1.32865e-02	2.46767e+02
1.32865e-02	2.36778e+02
1.32865e-02	2.16200e+02
1.32865e-02	1.87729e+02
1.32865e-02	1.54233e+02
1.32865e-02	1.12889e+02
1.32865e-02	5.04873e+01
1.32865e-02	2.51901e+01
1.32865e-02	1.20051e+01
1.32865e-02	1.17629e+01
1.32865e-02	8.85983e-02
1.32865e-02	-8.02158e-02
1.33761e-02	-2.48159e-02
1.33761e-02	1.25208e+00
1.33761e-02	2.80193e+01
1.33761e-02	1.15104e+02
1.33761e-02	2.42540e+02
1.33761e-02	2.56587e+02
1.33761e-02	2.76251e+02
1.33761e-02	2.87153e+02
1.33761e-02	2.93713e+02
1.33761e-02	2.95917e+02
1.33761e-02	2.96905e+02
1.33761e-02	2.97416e+02
1.33761e-02	2.98400e+02
1.33761e-02	3.01364e+02
1.33761e-02	3.02145e+02
1.33761e-02	3.02564e+02
1.33761e-02	3.02848e+02
1.37059e-02	3.02141e+02
1.37059e-02	2.99046e+02
1.37059e-02	2.73494e+02
1.37059e-02	1.95421e+02
1.37059e-02	5.48102e+01
1.37059e-02	3.01777e+01
1.37059e-02	1.69281e+01
1.37059e-02	7.86862e+00
1.37059e-02	2.50516e+00
1.37059e-02	7.51495e-01
1.37059e-02	-3.41095e-01
1.37059e-02	-3.40774e+00
1.37059e-02	-3.91788e+00
1.37059e-02	-4.21936e+00
1.37062e-02	-4.33707e+00
1.41551e-02	-2.72827e+00
1.42399e-02	-2.55841e+00
1.42399e-02	-2.64386e+00
1.42399e-02	-2.10232e+00
1.42399e-02	-5.77393e-01
1.42399e-02	2.72632e+00
1.42399e-02	6.48590e+00
1.42399e-02	1.18885e+01
1.42399e-02	1.80818e+01
1.42400e-02	2.57011e+01
1.42400e-02	3.29783e+01
1.42400e-02	3.63053e+01
1.42400e-02	3.86167e+01
1.42400e-02	4.46698e+01
1.42400e-02	4.77476e+01
1.42400e-02	5.46705e+01
1.42400e-02	6.66641e+01
1.42400e-02	8.88839e+01
1.42400e-02	1.18573e+02
1.42400e-02	1.52278e+02
1.42400e-02	1.95834e+02
1.42400e-02	2.65209e+02
1.42400e-02	2.84579e+02
1.42400e-02	2.92416e+02
1.42400e-02	2.96836e+02
1.42400e-02	2.98884e+02
1.42400e-02	3.00764e+02
1.42400e-02	3.01464e+02
1.42400e-02	3.01642e+02
1.46651e-02	3.01343e+02
1.46651e-02	3.01472e+02
1.46651e-02	3.01338e+02
1.46651e-02	3.00338e+02
1.46651e-02	2.97647e+02
1.46651e-02	2.93080e+02
1.46651e-02	2.81884e+02
1.46651e-02	2.74979e+02
1.46651e-02	2.67270e+02
1.46651e-02	2.62800e+02
1.46651e-02	2.60270e+02
1.46651e-02	2.55260e+02
1.46651e-02	2.50812e+02
1.46651e-02	2.43082e+02
1.46651e-02	2.31342e+02
1.46651e-02	2.28454e+02
1.46651e-02	6.04987e+01
1.46651e-02	4.31516e+01
1.46651e-02	1.92069e+01
1.46651e-02	9.77958e+00
1.46651e-02	3.48451e+00
1.46651e-02	2.99653e+00
1.46651e-02	1.23384e+00
1.46651e-02	9.19045e-02
1.46651e-02	-1.45171e-01
1.46687e-02	-1.38975e-01
1.46688e-02	1.31774e+00
1.46688e-02	2.06802e+01
1.46688e-02	9.56365e+01
1.46688e-02	2.23513e+02
1.46688e-02	2.39223e+02
1.46688e-02	2.62745e+02
1.46688e-02	2.78657e+02
1.46688e-02	2.89154e+02
1.46688e-02	2.93565e+02
1.46688e-02	2.94971e+02
1.46688e-02	2.95727e+02
1.46688e-02	2.96456e+02
1.46688e-02	2.99732e+02
1.46688e-02	3.00495e+02
1.46688e-02	3.00947e+02
1.46688e-02	3.01248e+02
1.51852e-02	3.01003e+02
1.51852e-02	2.97757e+02
1.51852e-02	2.56473e+02
1.51852e-02	1.55360e+02
1.51852e-02	3.79796e+01
1.51852e-02	2.60795e+01
1.51852e-02	6.09390e+00
1.51852e-02	-2.09042e+00
1.51852e-02	-3.51620e+00
1.51852e-02	-6.09955e+00
1.51852e-02	-6.56799e+00
1.51852e-02	-6.90222e+00
1.51853e-02	-7.14917e+00
1.54416e-02	-5.56772e+00
1.54416e-02	-5.76791e+00
1.54416e-02	-5.40918e+00
1.54416e-02	-5.28912e+00
1.54416e-02	-3.99429e+00
1.54416e-02	-1.21176e+00
1.54416e-02	-5.36408e-01
1.54416e-02	1.94305e-01
1.54416e-02	3.59726e+01
1.54416e-02	9.16609e+01
1.54416e-02	1.60622e+02
1.54416e-02	2.27164e+02
1.54416e-02	2.79296e+02
1.54416e-02	2.93005e+02
1.54416e-02	3.00913e+02
1.54418e-02	3.01035e+02
1.59845e-02	3.00837e+02
1.59845e-02	3.00966e+02
1.59845e-02	3.00830e+02
1.59845e-02	2.99792e+02
1.59845e-02	2.97019e+02
1.59845e-02	2.92321e+02
1.59845e-02	2.81001e+02
1.59845e-02	2.74024e+02
1.59845e-02	2.66275e+02
1.59845e-02	2.61978e+02
1.59845e-02	2.59477e+02
1.59845e-02	2.54014e+02
1.59845e-02	2.45697e+02
1.59845e-02	2.29488e+02
1.59845e-02	1.96774e+02
1.59845e-02	1.56591e+02
1.59845e-02	1.17525e+02
1.59845e-02	6.88835e+01
1.59845e-02	3.54646e+01
1.59845e-02	1.85731e+01
1.59845e-02	9.46117e+00
1.59845e-02	3.21914e+00
1.59845e-02	1.51275e+00
1.59845e-02	3.67272e-01
1.59845e-02	2.97198e-02
1.59845e-02	-2.17044e-01
1.59851e-02	-3.32175e-01
1.60172e-02	-3.02572e-01
1.60172e-02	1.11868e+00
1.60172e-02	1.29224e+01
1.60172e-02	7.53216e+01
1.60172e-02	2.03733e+02
1.60172e-02	2.21211e+02
1.60172e-02	2.48700e+02
1.60172e-02	2.71055e+02
1.60172e-02	2.85311e+02
1.60172e-02	2.93829e+02
1.60172e-02	2.95236e+02
1.60172e-02	2.95923e+02
1.60172e-02	2.99581e+02
1.60172e-02	3.00304e+02
1.60172e-02	3.00776e+02
1.60172e-02	3.01057e+02
1.72535e-02	3.00615e+02
1.72535e-02	3.00239e+02
1.72535e-02	2.98727e+02
1.72535e-02	2.94494e+02
1.72535e-02	2.89002e+02
1.72535e-02	2.82915e+02
1.72535e-02	2.76160e+02
1.72535e-02	2.70753e+02
1.72535e-02	2.66532e+02
1.72535e-02	2.63384e+02
1.72535e-02	2.60567e+02
1.72535e-02	2.58268e+02
1.72535e-02	2.54329e+02
1.72535e-02	2.52154e+02
1.72535e-02	2.49393e+02
1.72535e-02	2.43093e+02
1.72535e-02	2.30026e+02
1.72535e-02	2.09208e+02
1.72535e-02	1.79162e+02
1.72535e-02	1.45030e+02
1.72535e-02	9.89049e+01
1.72535e-02	3.37242e+01
1.72535e-02	1.45226e+01
1.72535e-02	6.61488e+00
1.72535e-02	2.51818e+00
1.72535e-02	1.18711e+00
1.72535e-02	1.75226e-01
1.72535e-02	-1.94993e-01
1.72535e-02	-4.15500e-01
1.74258e-02	-4.76133e-01
1.74258e-02	1.64475e-01
1.74258e-02	1.26450e+00
1.74258e-02	1.50131e+00
1.74258e-02	2.67602e+00
1.74258e-02	5.91001e+00
1.74258e-02	8.48165e+00
1.74258e-02	1.29934e+01
1.74258e-02	1.31816e+02
1.74258e-02	2.55083e+02
1.74258e-02	2.67585e+02
1.74258e-02	2.83309e+02
1.74258e-02	2.91152e+02
1.74258e-02	2.94768e+02
1.74258e-02	2.95996e+02
1.74258e-02	2.96590e+02
1.74258e-02	2.97138e+02
1.74258e-02	3.00875e+02
1.74258e-02	3.01485e+02
1.74258e-02	3.01887e+02
1.74259e-02	3.02125e+02
1.78748e-02	3.01372e+02
1.78748e-02	3.01537e+02
1.81300e-02	3.01235e+02
1.81301e-02	3.00492e+02
1.81301e-02	3.00329e+02
1.81301e-02	3.00772e+02
1.81301e-02	3.00960e+02
1.84862e-02	3.00710e+02
1.84862e-02	3.00252e+02
1.84862e-02	2.98593e+02
1.84862e-02	2.93868e+02
1.84862e-02	2.88366e+02
1.84862e-02	2.82346e+02
1.84862e-02	2.75940e+02
1.84862e-02	2.70926e+02
1.84862e-02	2.64708e+02
1.84862e-02	2.61495e+02
1.84862e-02	2.59052e+02
1.84862e-02	2.54654e+02
1.84862e-02	2.52351e+02
1.84862e-02	2.50963e+02
1.84862e-02	1.21478e+02
1.84862e-02	1.50391e+01
1.84862e-02	7.37161e+00
1.84862e-02	5.04039e-01
1.84862e-02	2.08122e-01
1.84862e-02	-5.99161e-01
1.84862e-02	-8.34076e-01
1.88860e-02	-8.32155e-01
1.88860e-02	-3.76608e-01
1.88860e-02	2.14833e+00
1.88860e-02	3.87042e+01
1.88860e-02	1.36495e+02
1.88860e-02	2.60497e+02
1.88860e-02	2.72404e+02
1.88860e-02	2.86703e+02
1.88860e-02	2.93747e+02
1.88860e-02	2.96818e+02
1.88860e-02	2.97912e+02
1.88860e-02	2.98408e+02
1.88860e-02	2.99234e+02
1.88860e-02	3.02211e+02
1.88860e-02	3.03035e+02
1.88860e-02	3.03435e+02
1.88860e-02	3.03696e+02
1.92081e-02	3.02691e+02
1.92081e-02	3.02967e+02
1.92081e-02	3.02876e+02
1.92081e-02	3.03181e+02
1.94634e-02	3.02444e+02
1.94634e-02	3.01241e+02
1.94634e-02	3.00522e+02
1.94634e-02	3.00140e+02
1.94634e-02	3.00362e+02
1.94634e-02	3.01452e+02
1.94634e-02	3.01796e+02
1.94635e-02	3.01978e+02
1.96985e-02	3.01592e+02
1.96985e-02	3.01555e+02
1.96985e-02	3.00708e+02
1.96985e-02	2.98386e+02
1.96985e-02	2.93938e+02
1.96985e-02	2.83418e+02
1.96985e-02	2.77495e+02
1.96985e-02	2.69976e+02
1.96985e-02	2.63940e+02
1.96985e-02	2.61256e+02
1.96985e-02	2.58771e+02
1.96985e-02	2.54323e+02
1.96985e-02	2.50435e+02
1.96985e-02	2.41358e+02
1.96985e-02	2.25681e+02
1.96985e-02	1.99537e+02
1.96985e-02	1.64297e+02
1.96985e-02	1.30675e+02
1.96985e-02	7.09517e+01
1.96985e-02	6.50532e+01
1.96985e-02	6.21998e+01
1.96985e-02	4.51038e+01
1.96985e-02	3.04202e+01
1.96985e-02	1.83176e+01
1.96985e-02	3.95159e+00
1.96985e-02	-8.85525e-01
1.96988e-02	-1.00465e+00
2.03725e-02	-8.11840e-01
2.03725e-02	-5.33467e-01
2.03725e-02	4.96566e+00
2.03725e-02	3.39055e+01
2.03725e-02	1.11642e+02
2.03725e-02	2.50967e+02
2.03725e-02	2.74934e+02
2.03725e-02	2.88197e+02
2.03725e-02	2.97195e+02
2.03725e-02	3.01116e+02
2.03725e-02	3.02106e+02
2.03725e-02	3.04644e+02
2.03725e-02	3.05214e+02
2.03725e-02	3.05540e+02
2.03727e-02	3.05696e+02
2.05410e-02	3.04818e+02
2.05410e-02	3.05106e+02
2.05411e-02	3.05101e+02
2.05411e-02	3.05376e+02
2.07976e-02	3.04101e+02
2.07976e-02	3.03948e+02
2.07976e-02	3.03554e+02
2.07976e-02	3.02049e+02
2.07976e-02	3.01187e+02
2.07976e-02	3.01485e+02
2.07976e-02	3.02714e+02
2.07976e-02	3.03171e+02
2.07976e-02	3.03440e+02
2.07977e-02	3.03614e+02
2.09066e-02	3.03276e+02
2.09066e-02	3.03384e+02
2.09066e-02	3.03153e+02
2.09066e-02	3.02097e+02
2.09066e-02	2.99071e+02
2.09066e-02	2.94599e+02
2.09066e-02	2.83381e+02
2.09066e-02	2.76890e+02
2.09066e-02	2.69430e+02
2.09066e-02	2.65041e+02
2.09066e-02	2.64135e+02
2.09066e-02	2.57944e+02
2.09066e-02	2.25313e+02
2.09066e-02	1.35065e+02
2.09066e-02	1.74639e+01
2.09066e-02	-7.60188e-01
2.09066e-02	-9.31934e-01
2.18195e-02	-6.99888e-01
2.18196e-02	-4.34923e-01
2.18196e-02	-4.82487e-01
2.18196e-02	-2.17611e-01
2.18196e-02	-2.29271e+00
2.18196e-02	-1.30795e+01
2.18196e-02	-6.13191e+01
2.18196e-02	-1.62436e+02
2.18196e-02	-2.78589e+02
2.18196e-02	-2.89749e+02
2.18196e-02	-3.01477e+02
2.18196e-02	-3.06569e+02
2.18196e-02	-3.07789e+02
2.18196e-02	-3.09815e+02
2.18196e-02	-3.10561e+02
2.18196e-02	-3.10774e+02
2.18519e-02	-3.10495e+02
2.18519e-02	-3.07214e+02
2.18519e-02	-2.65877e+02
2.18519e-02	-1.64712e+02
2.18519e-02	-4.73454e+01
2.18519e-02	-3.85671e+01
2.18519e-02	-1.55357e+01
2.18519e-02	-7.37650e+00
2.18519e-02	-5.95312e+00
2.18519e-02	-3.37021e+00
2.18519e-02	-2.90213e+00
2.18519e-02	-2.56836e+00
2.18519e-02	-2.32126e+00
2.21082e-02	-1.73044e+00
2.21082e-02	-1.48993e+00
2.21082e-02	-1.79959e+00
2.21082e-02	-1.98798e+00
2.21082e-02	-2.39764e+00
2.21082e-02	-3.89771e+00
2.21082e-02	-6.15775e+00
2.21082e-02	-2.30969e+01
2.21082e-02	-6.42589e+01
2.21082e-02	-1.27639e+02
2.21082e-02	-1.97208e+02
2.21083e-02	-2.63321e+02
2.21083e-02	-2.71404e+02
2.21083e-02	-2.84352e+02
2.21083e-02	-3.02222e+02
2.21083e-02	-3.08173e+02
2.21084e-02	-3.08303e+02
2.22193e-02	-3.07464e+02
2.22193e-02	-3.07669e+02
2.22193e-02	-3.02132e+02
2.22193e-02	-2.92686e+02
2.22193e-02	-2.82352e+02
2.22193e-02	-2.73805e+02
2.22193e-02	-2.68970e+02
2.22193e-02	-2.64766e+02
2.22193e-02	-2.46732e+02
2.22193e-02	-1.78464e+02
2.22193e-02	-5.44238e+01
2.22193e-02	-3.83469e+01
2.22193e-02	-2.70957e+01
2.22193e-02	-8.87298e+00
2.22193e-02	-1.67540e-01
2.22194e-02	-2.77636e-02
2.30318e-02	3.30333e-02
2.30318e-02	-7.50409e-01
2.30318e-02	-7.53340e+00
2.30318e-02	-4.91773e+01
2.30318e-02	-1.46143e+02
2.30318e-02	-2.46320e+02
2.30318e-02	-2.94045e+02
2.30318e-02	-3.04068e+02
2.30318e-02	-3.05669e+02
2.30318e-02	-3.07723e+02
2.30318e-02	-3.08729e+02
2.30318e-02	-3.08987e+02
2.30319e-02	-3.09203e+02
2.32524e-02	-3.07483e+02
2.35226e-02	-3.05718e+02
2.37059e-02	-3.04891e+02
2.37059e-02	-3.02968e+02
2.37059e-02	-2.96017e+02
2.37059e-02	-2.85574e+02
2.37059e-02	-2.76116e+02
2.37059e-02	-2.68996e+02
2.37059e-02	-2.65623e+02
2.37059e-02	-2.62306e+02
2.37059e-02	-2.57013e+02
2.37059e-02	-2.54114e+02
2.37059e-02	-2.49712e+02
2.37059e-02	-9.88917e+01
2.37059e-02	-7.97593e+01
2.37059e-02	-6.10985e+01
2.37059e-02	-5.87784e+01
2.37059e-02	-4.24126e+01
2.37059e-02	-3.01103e+01
2.37059e-02	-2.03443e+01
2.37059e-02	-1.31662e+01
2.37059e-02	-1.16874e+01
2.37059e-02	1.36965e-01
2.37059e-02	3.00120e-01
2.42400e-02	2.61843e-01
2.42400e-02	1.54326e-01
2.42400e-02	-7.63608e+00
2.42400e-02	-4.23497e+01
2.42400e-02	-1.27764e+02
2.42400e-02	-2.51872e+02
2.42400e-02	-2.65867e+02
2.42400e-02	-2.85442e+02
2.42400e-02	-2.93842e+02
2.42400e-02	-2.99683e+02
2.42400e-02	-3.00103e+02
2.42400e-02	-3.00425e+02
2.42400e-02	-3.02203e+02
2.42400e-02	-3.03238e+02
2.42400e-02	-3.05859e+02
2.42400e-02	-3.06578e+02
2.42400e-02	-3.06904e+02
2.42401e-02	-3.07083e+02
2.45414e-02	-3.05198e+02
2.45415e-02	-3.05389e+02
2.47967e-02	-3.04226e+02
2.47967e-02	-3.03863e+02
2.47967e-02	-3.03375e+02
2.47967e-02	-3.03770e+02
2.47969e-02	-3.03917e+02
2.51833e-02	-3.02618e+02
2.51833e-02	-3.02676e+02
2.51833e-02	-3.02383e+02
2.51833e-02	-3.01197e+02
2.51833e-02	-2.97669e+02
2.51833e-02	-2.92466e+02
2.51833e-02	-2.87128e+02
2.51833e-02	-2.80672e+02
2.51833e-02	-2.75305e+02
2.51833e-02	-2.70104e+02
2.51833e-02	-2.66162e+02
2.51833e-02	-2.63064e+02
2.51833e-02	-2.60874e+02
2.51833e-02	-2.54966e+02
2.51833e-02	-2.52939e+02
2.51833e-02	-2.50060e+02
2.51833e-02	-2.49362e+02
2.51833e-02	-9.83900e+01
2.51833e-02	-7.96550e+01
2.51833e-02	-4.47437e+01
2.51833e-02	-2.66833e+01
2.51833e-02	-1.61033e+01
2.51833e-02	-7.36422e+00
2.51833e-02	-3.51815e+00
2.51833e-02	6.91463e-01
2.51834e-02	8.33950e-01
2.54604e-02	7.50808e-01
2.54604e-02	1.86290e-01
2.54604e-02	-6.76192e+00
2.54604e-02	-5.46621e+01
2.54604e-02	-1.58484e+02
2.54604e-02	-2.74143e+02
2.54604e-02	-2.83808e+02
2.54604e-02	-2.93517e+02
2.54604e-02	-2.96985e+02
2.54604e-02	-2.98276e+02
2.54604e-02	-2.98782e+02
2.54604e-02	-2.99470e+02
2.54604e-02	-3.03209e+02
2.54604e-02	-3.03844e+02
2.54604e-02	-3.04199e+02
2.54605e-02	-3.04382e+02
2.58748e-02	-3.02820e+02
2.58748e-02	-3.03150e+02
2.58748e-02	-3.03058e+02
2.58748e-02	-3.03353e+02
2.61301e-02	-3.02612e+02
2.61301e-02	-3.02260e+02
2.61301e-02	-3.00923e+02
2.61301e-02	-3.00129e+02
2.61301e-02	-3.00333e+02
2.61301e-02	-3.01420e+02
2.61301e-02	-3.01774e+02
2.61301e-02	-3.01993e+02
2.61304e-02	-3.02114e+02
2.66198e-02	-3.01208e+02
2.66198e-02	-3.00541e+02
2.66198e-02	-2.98701e+02
2.66198e-02	-2.94350e+02
2.66198e-02	-2.83753e+02
2.66198e-02	-2.76211e+02
2.66198e-02	-2.71786e+02
2.66198e-02	-2.67664e+02
2.66198e-02	-2.64065e+02
2.66198e-02	-2.61189e+02
2.66198e-02	-2.59273e+02
2.66198e-02	-2.53712e+02
2.66198e-02	-2.51304e+02
2.66198e-02	-2.46021e+02
2.66198e-02	-2.36099e+02
2.66198e-02	-2.16384e+02
2.66198e-02	-1.89054e+02
2.66198e-02	-1.13871e+02
2.66198e-02	-5.29192e+01
2.66198e-02	-5.00678e+01
2.66198e-02	-3.48919e+01
2.66198e-02	-2.24344e+01
2.66198e-02	-1.38598e+01
2.66198e-02	-5.20935e+00
2.66198e-02	-7.66840e-01
2.66198e-02	3.74629e-01
2.66198e-02	7.87483e-01
2.66198e-02	9.68612e-01
2.67094e-02	9.89066e-01
2.67094e-02	-2.81245e-01
2.67094e-02	-2.24049e+01
2.67094e-02	-1.01826e+02
2.67094e-02	-2.29743e+02
2.67094e-02	-2.45031e+02
2.67094e-02	-2.67969e+02
2.67094e-02	-2.81593e+02
2.67094e-02	-2.90847e+02
2.67094e-02	-2.94855e+02
2.67094e-02	-2.96011e+02
2.67094e-02	-2.96495e+02
2.67094e-02	-2.97525e+02
2.67094e-02	-3.00542e+02
2.67094e-02	-3.01263e+02
2.67094e-02	-3.01687e+02
2.67095e-02	-3.01949e+02
2.72077e-02	-3.01180e+02
2.72077e-02	-3.01458e+02
2.72077e-02	-3.01361e+02
2.72077e-02	-3.01730e+02
2.74643e-02	-3.01290e+02
2.74643e-02	-3.01015e+02
2.74643e-02	-3.00476e+02
2.74643e-02	-2.98936e+02
2.74643e-02	-2.98612e+02
2.74643e-02	-2.98915e+02
2.74643e-02	-3.00165e+02
2.74643e-02	-3.00496e+02
2.74643e-02	-3.00706e+02
2.74648e-02	-3.00817e+02
2.79984e-02	-3.00486e+02
2.79984e-02	-3.00036e+02
2.79984e-02	-2.98454e+02
2.79984e-02	-2.94369e+02
2.79984e-02	-2.89328e+02
2.79984e-02	-2.83431e+02
2.79984e-02	-2.77542e+02
2.79984e-02	-2.72227e+02
2.79984e-02	-2.66791e+02
2.79984e-02	-2.63187e+02
2.79984e-02	-2.60223e+02
2.79984e-02	-2.57966e+02
2.79984e-02	-2.55822e+02
2.79984e-02	-2.53289e+02
2.79984e-02	-2.44512e+02
2.79984e-02	-2.30109e+02
2.79984e-02	-2.01133e+02
2.79984e-02	-1.67775e+02
2.79984e-02	-1.30084e+02
2.79984e-02	-8.35758e+01
2.79984e-02	-3.81888e+01
2.79984e-02	-1.86070e+01
2.79984e-02	-8.13141e+00
2.79984e-02	-3.65242e+00
2.79984e-02	9.38287e-01
2.79986e-02	1.08801e+00
2.80021e-02	1.06264e+00
2.80021e-02	4.89808e-01
2.80021e-02	-4.90336e-01
2.80021e-02	-2.92433e+01
2.80021e-02	-1.19923e+02
2.80021e-02	-2.47261e+02
2.80021e-02	-2.60392e+02
2.80021e-02	-2.76918e+02
2.80021e-02	-2.87245e+02
2.80021e-02	-2.92158e+02
2.80021e-02	-2.94016e+02
2.80021e-02	-2.94803e+02
2.80021e-02	-2.95428e+02
2.80021e-02	-2.99163e+02
2.80021e-02	-2.99751e+02
2.80021e-02	-3.00172e+02
2.80021e-02	-3.00423e+02
2.84862e-02	-3.00272e+02
2.84862e-02	-3.00548e+02
2.84862e-02	-3.00488e+02
2.84862e-02	-2.99321e+02
2.84862e-02	-2.93438e+02
2.84862e-02	-2.65091e+02
2.84862e-02	-1.85454e+02
2.84862e-02	-6.01969e+01
2.84862e-02	-4.40127e+01
2.84862e-02	-3.07469e+01
2.84862e-02	-2.04492e+01
2.84862e-02	-1.13687e+01
2.84862e-02	4.47662e-01
2.84862e-02	5.56750e+00
2.84862e-02	6.79092e+00
2.84862e-02	8.81851e+00
2.84862e-02	9.28476e+00
2.84862e-02	9.62500e+00
2.84864e-02	9.79098e+00
2.87863e-02	7.18399e+00
2.88860e-02	6.51938e+00
2.88860e-02	5.90286e+00
2.88860e-02	1.73340e+00
2.88860e-02	-7.41922e+00
2.88860e-02	-1.78080e+01
2.88860e-02	-2.57500e+01
2.88860e-02	-3.10896e+01
2.88860e-02	-3.49892e+01
2.88860e-02	-3.86094e+01
2.88860e-02	-7.13308e+01
2.88860e-02	-1.61238e+02
2.88860e-02	-2.78725e+02
2.88860e-02	-2.93695e+02
2.88860e-02	-3.00787e+02
2.88862e-02	-3.00912e+02
2.93178e-02	-3.00835e+02
2.93178e-02	-3.00377e+02
2.93178e-02	-2.98752e+02
2.93178e-02	-2.94597e+02
2.93178e-02	-2.89454e+02
2.93178e-02	-2.83492e+02
2.93178e-02	-2.77661e+02
2.93178e-02	-2.72365e+02
2.93178e-02	-2.66868e+02
2.93178e-02	-2.63321e+02
2.93178e-02	-2.60385e+02
2.93178e-02	-2.58092e+02
2.93178e-02	-2.53855e+02
2.93178e-02	-2.49828e+02
2.93178e-02	-2.40938e+02
2.93178e-02	-2.25918e+02
2.93178e-02	-2.00055e+02
2.93178e-02	-1.65980e+02
2.93178e-02	-1.30945e+02
2.93178e-02	-7.89208e+01
2.93178e-02	-3.80576e+01
2.93178e-02	-1.94313e+01
2.93178e-02	-1.00667e+01
2.93178e-02	-3.39816e+00
2.93178e-02	-1.60564e+00
2.93178e-02	-3.83392e-01
2.93178e-02	-2.15954e-02
2.93178e-02	2.24672e-01
2.93181e-02	3.52178e-01
2.93505e-02	2.73769e-01
2.93505e-02	-1.05474e+00
2.93505e-02	-8.02430e+00
2.93505e-02	-6.01445e+01
2.93505e-02	-1.67683e+02
2.93505e-02	-2.74590e+02
2.93505e-02	-2.82658e+02
2.93505e-02	-2.90497e+02
2.93505e-02	-2.93636e+02
2.93505e-02	-2.94802e+02
2.93505e-02	-2.95313e+02
2.93505e-02	-2.96015e+02
2.93505e-02	-2.99554e+02
2.93505e-02	-3.00277e+02
2.93505e-02	-3.00712e+02
2.93505e-02	-3.01014e+02
2.96985e-02	-3.00925e+02
2.96985e-02	-3.00682e+02
2.96985e-02	-2.95954e+02
2.96985e-02	-2.66937e+02
2.96985e-02	-1.87124e+02
2.96985e-02	-6.19299e+01
2.96985e-02	-4.74141e+01
2.96985e-02	-3.37840e+01
2.96985e-02	-7.48514e+00
2.96985e-02	3.10263e+00
2.96985e-02	4.75125e+00
2.96985e-02	6.81522e+00
2.96985e-02	7.82443e+00
2.96985e-02	8.12161e+00
2.96986e-02	8.30865e+00
3.00132e-02	6.00543e+00
3.03725e-02	4.15530e+00
3.03725e-02	4.19498e+00
3.03725e-02	3.75455e+00
3.03725e-02	5.11780e-02
3.03725e-02	-8.78372e+00
3.03725e-02	-1.92985e+01
3.03725e-02	-2.75981e+01
3.03725e-02	-3.33698e+01
3.03725e-02	-3.77158e+01
3.03725e-02	-4.96076e+01
3.03725e-02	-1.07348e+02
3.03725e-02	-2.32663e+02
3.03725e-02	-2.39444e+02
3.03725e-02	-2.55017e+02
3.03725e-02	-2.68405e+02
3.03725e-02	-2.78616e+02
3.03725e-02	-2.86347e+02
3.03725e-02	-3.00665e+02
3.03725e-02	-3.00801e+02
3.03726e-02	-3.00958e+02
3.05868e-02	-3.00856e+02
3.05868e-02	-3.00063e+02
3.05868e-02	-2.97776e+02
3.05868e-02	-2.93395e+02
3.05868e-02	-2.82349e+02
3.05868e-02	-2.77117e+02
3.05868e-02	-2.71759e+02
3.05868e-02	-2.67124e+02
3.05868e-02	-2.63755e+02
3.05868e-02	-2.60776e+02
3.05868e-02	-2.58245e+02
3.05868e-02	-2.56191e+02
3.05868e-02	-2.53273e+02
3.05868e-02	-2.41509e+02
3.05868e-02	-2.22332e+02
3.05868e-02	-1.87132e+02
3.05868e-02	-1.54025e+02
3.05868e-02	-1.16133e+02
3.05868e-02	-5.79284e+01
3.05868e-02	-2.69081e+01
3.05868e-02	-1.38398e+01
3.05868e-02	-5.98437e+00
3.05868e-02	-2.70839e+00
3.05868e-02	-1.49887e+00
3.05868e-02	-4.53932e-01
3.05868e-02	-9.39467e-02
3.05868e-02	1.25800e-01
3.07591e-02	1.17026e-01
3.07591e-02	-6.15972e-01
3.07591e-02	-1.63998e+00
3.07591e-02	-1.83253e+00
3.07591e-02	-3.57036e+00
3.07591e-02	-5.99642e+00
3.07592e-02	-1.14501e+02
3.07592e-02	-2.40842e+02
3.07592e-02	-2.55142e+02
3.07592e-02	-2.75702e+02
3.07592e-02	-2.86478e+02
3.07592e-02	-2.93235e+02
3.07592e-02	-2.95631e+02
3.07592e-02	-2.96534e+02
3.07592e-02	-2.97194e+02
3.07592e-02	-2.99677e+02
3.07592e-02	-3.01302e+02
3.07592e-02	-3.01830e+02
3.07592e-02	-3.02219e+02
3.07592e-02	-3.02428e+02
3.09066e-02	-3.02169e+02
3.09066e-02	-2.99573e+02
3.09066e-02	-2.71228e+02
3.09066e-02	-1.87671e+02
3.09066e-02	-6.29215e+01
3.09066e-02	-4.82952e+01
3.09066e-02	-2.59959e+01
3.09066e-02	-1.41265e+01
3.09066e-02	-5.13562e+00
3.09066e-02	-1.28729e+00
3.09066e-02	-2.47772e-01
3.09066e-02	1.46362e-01
3.09066e-02	1.71851e+00
3.09066e-02	4.16242e+00
3.09066e-02	4.60053e+00
3.09066e-02	4.99777e+00
3.09067e-02	5.23462e+00
3.13527e-02	3.31595e+00
3.18196e-02	1.98294e+00
3.18196e-02	1.87650e+00
3.18196e-02	2.17279e+00
3.18196e-02	3.59341e+00
3.18196e-02	7.65866e+00
3.18196e-02	1.29773e+01
3.18196e-02	1.90942e+01
3.18196e-02	2.49865e+01
3.18196e-02	3.18543e+01
3.18196e-02	3.87510e+01
3.18196e-02	4.19283e+01
3.18196e-02	4.42859e+01
3.18196e-02	4.90621e+01
3.18196e-02	5.42360e+01
3.18196e-02	6.55816e+01
3.18196e-02	8.53816e+01
3.18196e-02	1.15674e+02
3.18196e-02	1.54699e+02
3.18196e-02	1.90927e+02
3.18196e-02	2.58510e+02
3.18196e-02	2.72709e+02
3.18196e-02	2.84030e+02
3.18196e-02	2.92528e+02
3.18196e-02	2.96820e+02
3.18196e-02	3.00096e+02
3.18196e-02	3.02157e+02
3.18196e-02	3.03254e+02
3.18196e-02	3.03457e+02
3.18203e-02	3.03565e+02
3.18499e-02	3.03551e+02
3.18499e-02	3.03425e+02
3.18499e-02	3.02667e+02
3.18499e-02	3.00504e+02
3.18499e-02	2.96659e+02
3.18499e-02	2.86519e+02
3.18499e-02	2.80314e+02
3.18499e-02	2.74487e+02
3.18499e-02	2.70444e+02
3.18499e-02	2.66703e+02
3.18499e-02	2.63734e+02
3.18499e-02	2.61414e+02
3.18499e-02	2.57305e+02
3.18499e-02	2.55329e+02
3.18499e-02	2.52952e+02
3.18499e-02	2.49400e+02
3.18499e-02	9.66023e+01
3.18499e-02	7.78648e+01
3.18499e-02	4.34785e+01
3.18499e-02	2.63186e+01
3.18499e-02	1.61420e+01
3.18499e-02	7.22714e+00
3.18499e-02	2.16764e-01
3.18500e-02	6.52329e-02
3.21271e-02	1.11072e-01
3.21271e-02	8.61163e-01
3.21271e-02	2.46864e+01
3.21271e-02	1.07069e+02
3.21271e-02	2.35757e+02
3.21271e-02	2.50872e+02
3.21271e-02	2.73504e+02
3.21271e-02	2.85991e+02
3.21271e-02	2.94553e+02
3.21271e-02	2.98683e+02
3.21271e-02	2.99683e+02
3.21271e-02	3.00247e+02
3.21271e-02	3.04073e+02
3.21271e-02	3.04703e+02
3.21271e-02	3.05056e+02
3.21272e-02	3.05240e+02
3.22193e-02	3.04858e+02
3.22193e-02	3.04574e+02
3.22193e-02	3.04083e+02
3.22193e-02	2.89756e+02
3.22193e-02	2.23015e+02
3.22193e-02	9.35107e+01
3.22193e-02	7.61519e+01
3.22193e-02	4.83136e+01
3.22193e-02	2.87707e+01
3.22193e-02	1.42540e+01
3.22193e-02	7.66928e+00
3.22193e-02	6.24246e+00
3.22193e-02	5.67542e+00
3.22193e-02	5.09552e+00
3.22193e-02	1.73517e+00
3.22193e-02	9.20960e-01
3.22193e-02	5.34760e-01
3.22194e-02	2.75940e-01
3.30318e-02	4.33350e-02
3.30318e-02	-6.84204e-02
3.30318e-02	9.22241e+00
3.30318e-02	1.97699e+01
3.30318e-02	2.91516e+01
3.30318e-02	3.61858e+01
3.30318e-02	3.95925e+01
3.30318e-02	4.29507e+01
3.30318e-02	4.56872e+01
3.30318e-02	5.04381e+01
3.30318e-02	5.86484e+01
3.30318e-02	7.37916e+01
3.30318e-02	1.00608e+02
3.30318e-02	1.34478e+02
3.30318e-02	1.69405e+02
3.30318e-02	2.21988e+02
3.30318e-02	2.66133e+02
3.30318e-02	2.78025e+02
3.30318e-02	2.87194e+02
3.30318e-02	2.93779e+02
3.30318e-02	3.02463e+02
3.30319e-02	3.02626e+02
3.32865e-02	3.02215e+02
3.32865e-02	3.02263e+02
3.32865e-02	3.01458e+02
3.32865e-02	2.99322e+02
3.32865e-02	2.95186e+02
3.32865e-02	2.84867e+02
3.32865e-02	2.77853e+02
3.32865e-02	2.70473e+02
3.32865e-02	2.64760e+02
3.32865e-02	2.61961e+02
3.32865e-02	2.59281e+02
3.32865e-02	2.54885e+02
3.32865e-02	2.52377e+02
3.32865e-02	2.46944e+02
3.32865e-02	2.36708e+02
3.32865e-02	2.16855e+02
3.32865e-02	1.88917e+02
3.32865e-02	1.56005e+02
3.32865e-02	1.13017e+02
3.32865e-02	5.21154e+01
3.32865e-02	4.23676e+01
3.32865e-02	2.56951e+01
3.32865e-02	1.67841e+01
3.32865e-02	1.01634e+01
3.32865e-02	5.72901e+00
3.32865e-02	3.77034e+00
3.32865e-02	1.58942e+00
3.32865e-02	3.93726e-01
3.32865e-02	1.88056e-02
3.32885e-02	-8.66561e-02
3.33761e-02	-7.04647e-02
3.33761e-02	7.14017e-01
3.33761e-02	1.27974e+00
3.33761e-02	2.86960e+01
3.33761e-02	1.16662e+02
3.33761e-02	2.43585e+02
3.33761e-02	2.57461e+02
3.33761e-02	2.76850e+02
3.33761e-02	2.87482e+02
3.33761e-02	2.94444e+02
3.33761e-02	2.94821e+02
3.33761e-02	2.95954e+02
3.33761e-02	2.96793e+02
3.33761e-02	2.97440e+02
3.33761e-02	2.98089e+02
3.33761e-02	3.01510e+02
3.33761e-02	3.02199e+02
3.33761e-02	3.02624e+02
3.33761e-02	3.02873e+02
3.37059e-02	3.02173e+02
3.37059e-02	3.00478e+02
3.37059e-02	2.84685e+02
3.37059e-02	2.21783e+02
3.37059e-02	1.15161e+02
3.37059e-02	1.54490e+01
3.37059e-02	8.45608e+00
3.37059e-02	2.14908e+00
3.37059e-02	5.94879e-01
3.37059e-02	-4.17602e-01
3.37059e-02	-3.01440e+00
3.37059e-02	-3.75824e+00
3.37059e-02	-4.10947e+00
3.37059e-02	-4.32727e+00
3.41667e-02	-2.69617e+00
3.42399e-02	-2.57791e+00
3.42399e-02	-2.58456e+00
3.42399e-02	6.78558e+00
3.42400e-02	1.73072e+01
3.42400e-02	2.65613e+01
3.42400e-02	3.33863e+01
3.42400e-02	3.65801e+01
3.42400e-02	3.96054e+01
3.42400e-02	4.45072e+01
3.42400e-02	4.82437e+01
3.42400e-02	5.38591e+01
3.42400e-02	2.07801e+02
3.42400e-02	2.26381e+02
3.42400e-02	2.59812e+02
3.42400e-02	2.77551e+02
3.42400e-02	3.01445e+02
3.42400e-02	3.01634e+02
3.46651e-02	3.01345e+02
3.46651e-02	3.01454e+02
3.46651e-02	3.01172e+02
3.46651e-02	2.99772e+02
3.46651e-02	2.95658e+02
3.46651e-02	2.89661e+02
3.46651e-02	2.83791e+02
3.46651e-02	2.77773e+02
3.46651e-02	2.70947e+02
3.46651e-02	2.64183e+02
3.46651e-02	2.61033e+02
3.46651e-02	2.58662e+02
3.46651e-02	2.54183e+02
3.46651e-02	2.50106e+02
3.46651e-02	2.40690e+02
3.46651e-02	2.24454e+02
3.46651e-02	1.97877e+02
3.46651e-02	1.62344e+02
3.46651e-02	1.27725e+02
3.46651e-02	7.05356e+01
3.46651e-02	3.41989e+01
3.46651e-02	1.76955e+01
3.46651e-02	9.03815e+00
3.46651e-02	3.22080e+00
3.46651e-02	1.49719e+00
3.46651e-02	4.79272e-01
3.46651e-02	3.20323e-02
3.46651e-02	-1.52091e-01
3.46687e-02	-1.86865e-01
3.46688e-02	2.48878e-01
3.46688e-02	1.29302e+00
3.46688e-02	2.01105e+01
3.46688e-02	9.45556e+01
3.46688e-02	2.25811e+02
3.46688e-02	2.27726e+02
3.46688e-02	2.74636e+02
3.46688e-02	2.93803e+02
3.46688e-02	2.96529e+02
3.46688e-02	2.97910e+02
3.46688e-02	3.00032e+02
3.46688e-02	3.00620e+02
3.46688e-02	3.01061e+02
3.46688e-02	3.01301e+02
3.51852e-02	3.01023e+02
3.51852e-02	2.93719e+02
3.51852e-02	2.43293e+02
3.51852e-02	1.38375e+02
3.51852e-02	2.56523e+01
3.51852e-02	5.94074e+00
3.51852e-02	-2.12921e+00
3.51852e-02	-3.53885e+00
3.51852e-02	-6.11716e+00
3.51852e-02	-6.57886e+00
3.51853e-02	-6.90436e+00
3.51853e-02	-7.14938e+00
3.54416e-02	-5.55933e+00
3.54416e-02	-5.77176e+00
3.54416e-02	-5.42539e+00
3.54416e-02	-5.17673e+00
3.54416e-02	-4.67456e+00
3.54416e-02	-2.24280e+00
3.54416e-02	-1.31458e+00
3.54416e-02	-6.36780e-01
3.54416e-02	-4.98047e-02
3.54416e-02	3.37968e+01
3.54416e-02	8.82991e+01
3.54416e-02	1.56979e+02
3.54416e-02	2.23488e+02
3.54416e-02	2.80485e+02
3.54416e-02	2.98485e+02
3.54416e-02	3.00917e+02
3.54419e-02	3.01035e+02
3.59845e-02	3.00853e+02
3.59845e-02	3.00724e+02
3.59845e-02	2.99844e+02
3.59845e-02	2.97344e+02
3.59845e-02	2.92835e+02
3.59845e-02	2.81572e+02
3.59845e-02	2.76524e+02
3.59845e-02	2.71218e+02
3.59845e-02	2.66659e+02
3.59845e-02	2.63393e+02
3.59845e-02	2.60542e+02
3.59845e-02	2.58061e+02
3.59845e-02	2.53846e+02
3.59845e-02	2.50656e+02
3.59845e-02	2.43776e+02
3.59845e-02	2.31823e+02
3.59845e-02	2.08860e+02
3.59845e-02	1.76277e+02
3.59845e-02	1.42964e+02
3.59845e-02	9.67173e+01
3.59845e-02	3.79715e+01
3.59845e-02	1.77459e+01
3.59845e-02	8.91255e+00
3.59845e-02	2.88914e+00
3.59845e-02	1.26678e+00
3.59845e-02	2.79197e-01
3.59845e-02	-3.41669e-02
3.59845e-02	-2.42316e-01
3.60172e-02	-2.88138e-01
3.60172e-02	1.09024e+00
3.60172e-02	1.17887e+01
3.60172e-02	7.25936e+01
3.60172e-02	2.01768e+02
3.60172e-02	2.19584e+02
3.60172e-02	2.46131e+02
3.60172e-02	2.69861e+02
3.60172e-02	2.84742e+02
3.60172e-02	2.93532e+02
3.60172e-02	2.95030e+02
3.60172e-02	2.95538e+02
3.60172e-02	2.96174e+02
3.60172e-02	2.99569e+02
3.60172e-02	3.00297e+02
3.60172e-02	3.00773e+02
3.60172e-02	3.01048e+02
3.72535e-02	3.00671e+02
3.72535e-02	3.00876e+02
3.72535e-02	3.00739e+02
3.72535e-02	2.99771e+02
3.72535e-02	2.97371e+02
3.72535e-02	2.92234e+02
3.72535e-02	2.81197e+02
3.72535e-02	2.73053e+02
3.72535e-02	2.66112e+02
3.72535e-02	2.61623e+02
3.72535e-02	2.58715e+02
3.72535e-02	2.55310e+02
3.72535e-02	2.47320e+02
3.72535e-02	2.32662e+02
3.72535e-02	2.05193e+02
3.72535e-02	1.66855e+02
3.72535e-02	1.24532e+02
3.72535e-02	8.27120e+01
3.72535e-02	3.51215e+01
3.72535e-02	1.70653e+01
3.72535e-02	8.45561e+00
3.72535e-02	2.66583e+00
3.72535e-02	1.06547e+00
3.72535e-02	9.84220e-02
3.72535e-02	-2.09064e-01
3.72535e-02	-4.17087e-01
3.74258e-02	-4.71183e-01
3.74258e-02	2.18069e-01
3.74258e-02	1.16868e+00
3.74258e-02	1.63667e+00
3.74258e-02	3.17809e+00
3.74258e-02	1.26536e+02
3.74258e-02	2.54073e+02
3.74258e-02	2.66873e+02
3.74258e-02	2.82857e+02
3.74258e-02	2.90955e+02
3.74258e-02	2.94675e+02
3.74258e-02	2.95961e+02
3.74258e-02	2.96577e+02
3.74258e-02	2.97144e+02
3.74258e-02	3.00883e+02
3.74258e-02	3.01488e+02
3.74258e-02	3.01887e+02
3.74259e-02	3.02122e+02
3.78748e-02	3.01391e+02
3.78748e-02	3.01523e+02
3.81300e-02	3.01244e+02
3.81301e-02	3.00498e+02
3.81301e-02	3.00434e+02
3.81301e-02	3.00795e+02
3.81302e-02	3.00960e+02
3.84862e-02	3.00681e+02
3.84862e-02	3.00791e+02
3.84862e-02	3.00514e+02
3.84862e-02	2.99122e+02
3.84862e-02	2.95015e+02
3.84862e-02	2.89070e+02
3.84862e-02	2.83173e+02
3.84862e-02	2.77165e+02
3.84862e-02	2.70340e+02
3.84862e-02	2.63570e+02
3.84862e-02	2.60422e+02
3.84862e-02	2.58072e+02
3.84862e-02	2.53340e+02
3.84862e-02	2.49429e+02
3.84862e-02	2.40245e+02
3.84862e-02	2.24253e+02
3.84862e-02	1.98229e+02
3.84862e-02	1.62424e+02
3.84862e-02	1.28008e+02
3.84862e-02	6.84279e+01
3.84862e-02	5.01311e+01
3.84862e-02	3.41705e+01
3.84862e-02	2.19406e+01
3.84862e-02	1.03438e+01
3.84862e-02	3.76658e+00
3.84862e-02	-7.47637e-01
3.84863e-02	-9.01369e-01
3.88860e-02	-8.02864e-01
3.88860e-02	-3.10467e-01
3.88860e-02	3.21387e+00
3.88860e-02	4.58036e+01
3.88860e-02	1.50040e+02
3.88860e-02	2.72025e+02
3.88860e-02	2.73960e+02
3.88860e-02	2.91386e+02
3.88860e-02	2.98501e+02
3.88860e-02	2.99739e+02
3.88860e-02	3.02155e+02
3.88860e-02	3.03022e+02
3.88860e-02	3.03440e+02
3.88860e-02	3.03694e+02
3.92081e-02	3.02716e+02
3.92081e-02	3.02975e+02
3.92081e-02	3.02932e+02
3.92081e-02	3.03180e+02
3.94634e-02	3.02442e+02
3.94634e-02	3.01226e+02
3.94634e-02	3.00511e+02
3.94634e-02	3.00140e+02
3.94634e-02	3.00372e+02
3.94634e-02	3.01459e+02
3.94634e-02	3.01796e+02
3.94635e-02	3.01978e+02
3.96985e-02	3.01582e+02
3.96985e-02	3.01693e+02
3.96985e-02	3.01435e+02
3.96985e-02	3.00154e+02
3.96985e-02	2.96269e+02
3.96985e-02	2.90863e+02
3.96985e-02	2.85026e+02
3.96985e-02	2.78970e+02
3.96985e-02	2.72304e+02
3.96985e-02	2.65139e+02
3.96985e-02	2.61899e+02
3.96985e-02	2.59645e+02
3.96985e-02	2.55110e+02
3.96985e-02	2.50030e+02
3.96985e-02	2.40699e+02
3.96985e-02	2.23538e+02
3.96985e-02	1.96435e+02
3.96985e-02	3.87206e+01
3.96985e-02	2.28280e+01
3.96985e-02	-7.65594e-01
3.96985e-02	-9.47783e-01
4.03725e-02	-8.82002e-01
4.03725e-02	-4.61834e-01
4.03725e-02	6.79456e+00
4.03725e-02	5.28500e+01
4.03725e-02	1.53785e+02
4.03725e-02	2.72322e+02
4.03725e-02	2.82837e+02
4.03725e-02	2.93905e+02
4.03725e-02	2.97362e+02
4.03725e-02	3.00492e+02
4.03725e-02	3.01683e+02
4.03725e-02	3.04192e+02
4.03725e-02	3.05100e+02
4.03725e-02	3.05464e+02
4.03726e-02	3.05686e+02
4.05410e-02	3.04846e+02
4.05410e-02	3.05111e+02
4.05411e-02	3.05046e+02
4.05411e-02	3.05356e+02
4.07976e-02	3.04093e+02
4.07976e-02	3.03683e+02
4.07976e-02	3.02215e+02
4.07976e-02	3.01307e+02
4.07976e-02	3.01431e+02
4.07976e-02	3.03096e+02
4.07976e-02	3.03431e+02
4.07977e-02	3.03613e+02
4.09066e-02	3.03296e+02
4.09066e-02	3.03363e+02
4.09066e-02	3.02502e+02
4.09066e-02	3.00536e+02
4.09066e-02	2.96275e+02
4.09066e-02	2.86680e+02
4.09066e-02	2.79518e+02
4.09066e-02	2.72738e+02
4.09066e-02	2.66369e+02
4.09066e-02	2.63553e+02
4.09066e-02	2.60804e+02
4.09066e-02	2.58563e+02
4.09066e-02	2.55955e+02
4.09066e-02	2.52342e+02
4.09066e-02	1.23900e+02
4.09066e-02	1.38663e+01
4.09066e-02	-7.88002e-01
4.09066e-02	-9.54366e-01
4.18195e-02	-7.24373e-01
4.18196e-02	-4.42582e-01
4.18196e-02	-5.16482e-01
4.18196e-02	-2.59522e-01
4.18196e-02	-2.28355e+00
4.18196e-02	-1.19141e+01
4.18196e-02	-5.71398e+01
4.18196e-02	-1.56808e+02
4.18196e-02	-2.75835e+02
4.18196e-02	-2.86536e+02
4.18196e-02	-2.98236e+02
4.18196e-02	-3.03409e+02
4.18196e-02	-3.05896e+02
4.18196e-02	-3.07344e+02
4.18196e-02	-3.10053e+02
4.18196e-02	-3.10522e+02
4.18196e-02	-3.10716e+02
4.18519e-02	-3.10495e+02
4.18519e-02	-3.06045e+02
4.18519e-02	-2.61878e+02
4.18519e-02	-1.59290e+02
4.18519e-02	-4.37887e+01
4.18519e-02	-3.32411e+01
4.18519e-02	-1.82801e+01
4.18519e-02	-1.02647e+01
4.18519e-02	-6.68594e+00
4.18519e-02	-5.69357e+00
4.18519e-02	-3.12308e+00
4.18519e-02	-2.63577e+00
4.18519e-02	-2.36908e+00
4.21082e-02	-1.66348e+00
4.21082e-02	-1.51486e+00
4.21082e-02	-1.89017e+00
4.21083e-02	-2.47378e+00
4.21083e-02	-5.89078e+00
4.21083e-02	-7.15964e+00
4.21083e-02	-2.43181e+01
4.21083e-02	-6.66635e+01
4.21083e-02	-1.30659e+02
4.21083e-02	-2.00141e+02
4.21083e-02	-2.65781e+02
4.21083e-02	-2.73112e+02
4.21083e-02	-2.85931e+02
4.21083e-02	-3.08108e+02
4.21083e-02	-3.08289e+02
4.22193e-02	-3.07461e+02
4.22193e-02	-3.06133e+02
4.22193e-02	-3.00421e+02
4.22193e-02	-2.80664e+02
4.22193e-02	-2.73581e+02
4.22193e-02	-2.68870e+02
4.22193e-02	-2.61697e+02
4.22193e-02	-2.26967e+02
4.22193e-02	-1.35020e+02
4.22193e-02	-2.37637e+01
4.22193e-02	-1.42431e+01
4.22193e-02	-4.39183e+00
4.22193e-02	-1.35927e-01
4.22199e-02	-2.74523e-02
4.30318e-02	-2.25128e-02
4.30318e-02	-1.30180e+00
4.30318e-02	-1.54904e+01
4.30318e-02	-6.66592e+01
4.30318e-02	-1.69757e+02
4.30318e-02	-2.85991e+02
4.30318e-02	-2.99164e+02
4.30318e-02	-3.04745e+02
4.30318e-02	-3.05947e+02
4.30318e-02	-3.08467e+02
4.30318e-02	-3.08933e+02
4.30318e-02	-3.09170e+02
4.32834e-02	-3.07265e+02
4.35376e-02	-3.05637e+02
4.37059e-02	-3.04848e+02
4.37059e-02	-3.02639e+02
4.37059e-02	-2.95255e+02
4.37059e-02	-2.84711e+02
4.37059e-02	-2.75473e+02
4.37059e-02	-2.68600e+02
4.37059e-02	-2.65270e+02
4.37059e-02	-2.62058e+02
4.37059e-02	-2.59456e+02
4.37059e-02	-2.57022e+02
4.37059e-02	-2.56640e+02
4.37059e-02	-2.55512e+02
4.37059e-02	-1.30429e+02
4.37059e-02	-3.95683e+01
4.37059e-02	9.27043e-02
4.37059e-02	2.67876e-01
4.42400e-02	3.15034e-01
4.42400e-02	2.58055e-01
4.42400e-02	-7.52463e+00
4.42400e-02	-5.70467e+01
4.42400e-02	-1.61432e+02
4.42400e-02	-2.76410e+02
4.42400e-02	-2.86050e+02
4.42400e-02	-2.97239e+02
4.42400e-02	-3.01038e+02
4.42400e-02	-3.02951e+02
4.42400e-02	-3.04979e+02
4.42400e-02	-3.06157e+02
4.42400e-02	-3.06702e+02
4.42400e-02	-3.06982e+02
4.42427e-02	-3.07065e+02
4.45414e-02	-3.05160e+02
4.45415e-02	-3.05384e+02
4.47967e-02	-3.04218e+02
4.47967e-02	-3.03391e+02
4.47967e-02	-3.03320e+02
4.47967e-02	-3.03746e+02
4.47968e-02	-3.03917e+02
4.51833e-02	-3.02638e+02
4.51833e-02	-3.02695e+02
4.51833e-02	-3.02008e+02
4.51833e-02	-3.00140e+02
4.51833e-02	-2.96462e+02
4.51833e-02	-2.92338e+02
4.51833e-02	-2.86744e+02
4.51833e-02	-2.80002e+02
4.51833e-02	-2.72522e+02
4.51833e-02	-2.65770e+02
4.51833e-02	-2.62798e+02
4.51833e-02	-2.60498e+02
4.51833e-02	-2.55832e+02
4.51833e-02	-2.48792e+02
4.51833e-02	-2.35416e+02
4.51833e-02	-2.10623e+02
4.51833e-02	-1.75347e+02
4.51833e-02	-1.34160e+02
4.51833e-02	-9.46492e+01
4.51833e-02	-3.71848e+01
4.51833e-02	-1.77525e+01
4.51833e-02	-9.31853e+00
4.51833e-02	-3.14600e+00
4.51833e-02	-1.25319e+00
4.51833e-02	3.35423e-01
4.51833e-02	6.06613e-01
4.51833e-02	7.78841e-01
4.54604e-02	7.33949e-01
4.54604e-02	1.96314e-01
4.54604e-02	-5.95149e+00
4.54604e-02	-4.98603e+01
4.54604e-02	-1.49970e+02
4.54604e-02	-2.69031e+02
4.54604e-02	-2.79773e+02
4.54604e-02	-2.91436e+02
4.54604e-02	-2.96307e+02
4.54604e-02	-2.98064e+02
4.54604e-02	-2.98765e+02
4.54604e-02	-2.99392e+02
4.54604e-02	-3.02822e+02
4.54604e-02	-3.03694e+02
4.54604e-02	-3.04105e+02
4.54605e-02	-3.04356e+02
4.58748e-02	-3.02810e+02
4.58748e-02	-3.03151e+02
4.58748e-02	-3.03073e+02
4.58748e-02	-3.03356e+02
4.61301e-02	-3.02561e+02
4.61301e-02	-3.00581e+02
4.61301e-02	-3.00282e+02
4.61301e-02	-3.00574e+02
4.61301e-02	-3.01638e+02
4.61301e-02	-3.01938e+02
4.61302e-02	-3.02114e+02
4.66198e-02	-3.01255e+02
4.66198e-02	-3.01301e+02
4.66198e-02	-3.00911e+02
4.66198e-02	-2.99480e+02
4.66198e-02	-2.95610e+02
4.66198e-02	-2.90744e+02
4.66198e-02	-2.84977e+02
4.66198e-02	-2.78266e+02
4.66198e-02	-2.73226e+02
4.66198e-02	-2.67823e+02
4.66198e-02	-2.64119e+02
4.66198e-02	-2.61164e+02
4.66198e-02	-2.58959e+02
4.66198e-02	-2.54773e+02
4.66198e-02	-2.49018e+02
4.66198e-02	-2.38466e+02
4.66198e-02	-2.19294e+02
4.66198e-02	-1.88979e+02
4.66198e-02	-1.14945e+02
4.66198e-02	-5.41718e+01
4.66198e-02	-2.68743e+01
4.66198e-02	-1.40700e+01
4.66198e-02	-6.23414e+00
4.66198e-02	-2.20406e+00
4.66198e-02	-5.97560e-01
4.66198e-02	2.02566e-01
4.66198e-02	7.42588e-01
4.66198e-02	9.52437e-01
4.67094e-02	9.33273e-01
4.67094e-02	-2.13415e-01
4.67094e-02	-8.02800e+00
4.67094e-02	-6.00065e+01
4.67094e-02	-1.66428e+02
4.67094e-02	-2.75937e+02
4.67094e-02	-2.84371e+02
4.67094e-02	-2.92268e+02
4.67094e-02	-2.94923e+02
4.67094e-02	-2.96061e+02
4.67094e-02	-2.96735e+02
4.67094e-02	-2.99719e+02
4.67094e-02	-3.00803e+02
4.67094e-02	-3.01362e+02
4.67094e-02	-3.01745e+02
4.67095e-02	-3.01962e+02
4.72077e-02	-3.01124e+02
4.72077e-02	-3.01467e+02
4.72077e-02	-3.01383e+02
4.72077e-02	-3.01707e+02
4.74643e-02	-3.01287e+02
4.74643e-02	-3.00955e+02
4.74643e-02	-3.00369e+02
4.74643e-02	-2.98668e+02
4.74643e-02	-2.98620e+02
4.74643e-02	-2.99007e+02
4.74643e-02	-3.00231e+02
4.74643e-02	-3.00625e+02
4.74644e-02	-3.00816e+02
4.79984e-02	-3.00468e+02
4.79984e-02	-3.00592e+02
4.79984e-02	-3.00406e+02
4.79984e-02	-2.99257e+02
4.79984e-02	-2.96042e+02
4.79984e-02	-2.91102e+02
4.79984e-02	-2.85187e+02
4.79984e-02	-2.79149e+02
4.79984e-02	-2.72420e+02
4.79984e-02	-2.64730e+02
4.79984e-02	-2.61070e+02
4.79984e-02	-2.58728e+02
4.79984e-02	-2.56351e+02
4.79984e-02	-2.53114e+02
4.79984e-02	-2.42863e+02
4.79984e-02	-2.26366e+02
4.79984e-02	-1.90777e+02
4.79984e-02	-1.56615e+02
4.79984e-02	-1.17968e+02
4.79984e-02	-6.67416e+01
4.79984e-02	-3.37384e+01
4.79984e-02	-1.74129e+01
4.79984e-02	-8.51050e+00
4.79984e-02	-2.48081e+00
4.79984e-02	-8.23104e-01
4.79984e-02	4.17614e-01
4.79984e-02	8.23043e-01
4.79984e-02	1.02398e+00
4.80021e-02	1.04177e+00
4.80021e-02	-3.54659e-01
4.80021e-02	-1.51114e+01
4.80021e-02	-8.17782e+01
4.80021e-02	-2.09216e+02
4.80021e-02	-2.15970e+02
4.80021e-02	-2.24225e+02
4.80021e-02	-2.38697e+02
4.80021e-02	-2.57388e+02
4.80021e-02	-2.80684e+02
4.80021e-02	-2.91395e+02
4.80021e-02	-2.93927e+02
4.80021e-02	-2.94694e+02
4.80021e-02	-2.95381e+02
4.80021e-02	-2.99058e+02
4.80021e-02	-2.99701e+02
4.80021e-02	-3.00141e+02
4.80021e-02	-3.00407e+02
4.84862e-02	-3.00257e+02
4.84862e-02	-3.00552e+02
4.84862e-02	-3.00495e+02
4.84862e-02	-2.98671e+02
4.84862e-02	-2.91288e+02
4.84862e-02	-2.56025e+02
4.84862e-02	-1.66049e+02
4.84862e-02	-3.84424e+01
4.84862e-02	-2.64563e+01
4.84862e-02	-1.63609e+01
4.84862e-02	-7.96628e+00
4.84862e-02	1.50983e+00
4.84862e-02	5.73212e+00
4.84862e-02	6.86578e+00
4.84862e-02	8.86264e+00
4.84862e-02	9.50845e+00
4.84862e-02	9.70593e+00
4.88312e-02	6.85883e+00
4.88860e-02	6.52145e+00
4.88860e-02	5.24304e+00
4.88860e-02	-3.65173e-01
4.88860e-02	-2.01180e+01
4.88860e-02	-2.72561e+01
4.88860e-02	-3.20054e+01
4.88860e-02	-3.91668e+01
4.88860e-02	-7.35883e+01
4.88860e-02	-1.65246e+02
4.88860e-02	-2.76902e+02
4.88860e-02	-2.86525e+02
4.88860e-02	-2.96479e+02
4.88860e-02	-3.00803e+02
4.88865e-02	-3.00912e+02
4.93178e-02	-3.00821e+02
4.93178e-02	-3.00731e+02
4.93178e-02	-2.99780e+02
4.93178e-02	-2.96991e+02
4.93178e-02	-2.92179e+02
4.93178e-02	-2.80650e+02
4.93178e-02	-2.74997e+02
4.93178e-02	-2.68269e+02
4.93178e-02	-2.63247e+02
4.93178e-02	-2.60486e+02
4.93178e-02	-2.57863e+02
4.93178e-02	-2.53496e+02
4.93178e-02	-2.51168e+02
4.93178e-02	-2.46188e+02
4.93178e-02	-2.36759e+02
4.93178e-02	-2.17654e+02
4.93178e-02	-1.89773e+02
4.93178e-02	-1.14894e+02
4.93178e-02	-5.53006e+01
4.93178e-02	-4.50833e+01
4.93178e-02	-2.88794e+01
4.93178e-02	-1.65536e+01
4.93178e-02	-7.73776e+00
4.93178e-02	-2.41164e+00
4.93178e-02	-1.02665e+00
4.93178e-02	-2.00289e-01
4.93178e-02	7.65099e-02
4.93178e-02	2.81849e-01
4.93505e-02	2.77895e-01
4.93505e-02	-1.06250e+00
4.93505e-02	-8.82057e+00
4.93505e-02	-6.28184e+01
4.93505e-02	-1.70971e+02
4.93505e-02	-2.75881e+02
4.93505e-02	-2.83616e+02
4.93505e-02	-2.90988e+02
4.93505e-02	-2.93804e+02
4.93505e-02	-2.94944e+02
4.93505e-02	-2.95394e+02
4.93505e-02	-2.96031e+02
4.93505e-02	-2.99555e+02
4.93505e-02	-3.00277e+02
4.93505e-02	-3.00713e+02
4.93505e-02	-3.01015e+02
4.96985e-02	-3.00925e+02
4.96985e-02	-2.93521e+02
4.96985e-02	-2.61453e+02
4.96985e-02	-1.77156e+02
4.96985e-02	-5.22476e+01
4.96985e-02	-3.64194e+01
4.96985e-02	-2.45974e+01
4.96985e-02	-4.70566e+00
4.96985e-02	3.43607e+00
4.96985e-02	4.86789e+00
4.96985e-02	7.45923e+00
4.96985e-02	7.83029e+00
4.96985e-02	8.11847e+00
4.96986e-02	8.30847e+00
5.00224e-02	5.94910e+00
5.03725e-02	4.16775e+00
5.03725e-02	1.98102e+00
5.03725e-02	-5.34613e+00
5.03725e-02	-1.58524e+01
5.03725e-02	-2.50684e+01
5.03725e-02	-3.18902e+01
5.03725e-02	-3.51333e+01
5.03725e-02	-3.82234e+01
5.03725e-02	-4.07411e+01
5.03725e-02	-4.30677e+01
5.03725e-02	-1.31432e+02
5.03725e-02	-2.59969e+02
5.03725e-02	-2.72481e+02
5.03725e-02	-2.92855e+02
5.03725e-02	-3.00836e+02
5.03727e-02	-3.00960e+02
5.05868e-02	-3.00939e+02
5.05868e-02	-3.01055e+02
5.05868e-02	-3.00808e+02
5.05868e-02	-2.99431e+02
5.05868e-02	-2.95214e+02
5.05868e-02	-2.89482e+02
5.05868e-02	-2.83143e+02
5.05868e-02	-2.77378e+02
5.05868e-02	-2.70226e+02
5.05868e-02	-2.63704e+02
5.05868e-02	-2.60546e+02
5.05868e-02	-2.58142e+02
5.05868e-02	-2.53748e+02
5.05868e-02	-2.50948e+02
5.05868e-02	-2.44799e+02
5.05868e-02	-2.33676e+02
5.05868e-02	-2.12572e+02
5.05868e-02	-1.80436e+02
5.05868e-02	-1.47785e+02
5.05868e-02	-1.02183e+02
5.05868e-02	-3.96719e+01
5.05868e-02	-1.83656e+01
5.05868e-02	-9.30204e+00
5.05868e-02	-3.04584e+00
5.05868e-02	-1.38971e+00
5.05868e-02	-3.96230e-01
5.05868e-02	-8.34209e-02
5.05869e-02	1.25702e-01
5.07591e-02	1.58467e-01
5.07591e-02	-5.11833e-01
5.07591e-02	-1.44776e+00
5.07591e-02	-1.87955e+00
5.07591e-02	-2.14480e+00
5.07591e-02	-3.19191e+00
5.07591e-02	-4.35116e+00
5.07591e-02	-1.66438e+01
5.07591e-02	-1.99914e+01
5.07591e-02	-2.37176e+01
5.07591e-02	-1.50115e+02
5.07592e-02	-2.67054e+02
5.07592e-02	-2.77558e+02
5.07592e-02	-2.88997e+02
5.07592e-02	-2.94048e+02
5.07592e-02	-2.95846e+02
5.07592e-02	-2.96656e+02
5.07592e-02	-2.97295e+02
5.07592e-02	-3.00678e+02
5.07592e-02	-3.01565e+02
5.07592e-02	-3.02013e+02
5.07592e-02	-3.02341e+02
5.09066e-02	-3.02106e+02
5.09066e-02	-2.97038e+02
5.09066e-02	-2.55582e+02
5.09066e-02	-1.56476e+02
5.09066e-02	-3.51211e+01
5.09066e-02	-2.36845e+01
5.09066e-02	-8.45377e+00
5.09066e-02	-2.03891e+00
5.09066e-02	8.99628e-01
5.09066e-02	1.80832e+00
5.09066e-02	4.27911e+00
5.09066e-02	4.85968e+00
5.09066e-02	5.14468e+00
5.09074e-02	5.25244e+00
5.13356e-02	3.37494e+00
5.18196e-02	1.97910e+00
5.18196e-02	1.94141e+00
5.18196e-02	2.27911e+00
5.18196e-02	3.70789e+00
5.18196e-02	7.68604e+00
5.18196e-02	1.34680e+01
5.18196e-02	1.95743e+01
5.18196e-02	2.58764e+01
5.18196e-02	3.11233e+01
5.18196e-02	3.75207e+01
5.18196e-02	4.09767e+01
5.18196e-02	4.34036e+01
5.18196e-02	4.79200e+01
5.18196e-02	4.98533e+01
5.18196e-02	1.55790e+02
5.18196e-02	2.77316e+02
5.18196e-02	2.88132e+02
5.18196e-02	2.95275e+02
5.18196e-02	3.03412e+02
5.18197e-02	3.03566e+02
5.18499e-02	3.03575e+02
5.18499e-02	3.03267e+02
5.18499e-02	3.02025e+02
5.18499e-02	2.98144e+02
5.18499e-02	2.93026e+02
5.18499e-02	2.87445e+02
5.18499e-02	2.81097e+02
5.18499e-02	2.75855e+02
5.18499e-02	2.70101e+02
5.18499e-02	2.66276e+02
5.18499e-02	2.63472e+02
5.18499e-02	2.61326e+02
5.18499e-02	2.57309e+02
5.18499e-02	2.55030e+02
5.18499e-02	2.52160e+02
5.18499e-02	2.45613e+02
5.18499e-02	2.31780e+02
5.18499e-02	2.10247e+02
5.18499e-02	1.80046e+02
5.18499e-02	1.45822e+02
5.18499e-02	9.83071e+01
5.18499e-02	3.86188e+01
5.18499e-02	1.88588e+01
5.18499e-02	1.03597e+01
5.18499e-02	4.35067e+00
5.18499e-02	2.62980e+00
5.18499e-02	7.68103e-01
5.18499e-02	3.84406e-01
5.18500e-02	1.47403e-01
5.21271e-02	1.13702e-01
5.21271e-02	8.63520e-01
5.21271e-02	1.83179e+01
5.21271e-02	8.86583e+01
5.21271e-02	2.13847e+02
5.21271e-02	2.30439e+02
5.21271e-02	2.58152e+02
5.21271e-02	2.77170e+02
5.21271e-02	2.89770e+02
5.21271e-02	2.96848e+02
5.21271e-02	2.98945e+02
5.21271e-02	2.99682e+02
5.21271e-02	3.00277e+02
5.21271e-02	3.04103e+02
5.21271e-02	3.04710e+02
5.21271e-02	3.05059e+02
5.21272e-02	3.05240e+02
5.22193e-02	3.04779e+02
5.22193e-02	3.04294e+02
5.22193e-02	3.00847e+02
5.22193e-02	2.57442e+02
5.22193e-02	1.51935e+02
5.22193e-02	3.29617e+01
5.22193e-02	2.30093e+01
5.22193e-02	1.26194e+01
5.22193e-02	7.77264e+00
5.22193e-02	7.13797e+00
5.22193e-02	6.61737e+00
5.22193e-02	5.97934e+00
5.22193e-02	5.44730e+00
5.22193e-02	4.44235e+00
5.22193e-02	1.37125e+00
5.22193e-02	7.91717e-01
5.22193e-02	4.30328e-01
5.22194e-02	2.48260e-01
5.30318e-02	6.72302e-02
5.30318e-02	-1.31378e-01
5.30318e-02	5.36087e+00
5.30318e-02	1.48193e+01
5.30318e-02	2.52520e+01
5.30318e-02	3.38177e+01
5.30318e-02	3.80937e+01
5.30318e-02	4.17685e+01
5.30318e-02	4.48151e+01
5.30318e-02	4.84266e+01
5.30318e-02	5.34726e+01
5.30318e-02	6.39120e+01
5.30318e-02	8.66801e+01
5.30318e-02	1.16514e+02
5.30318e-02	1.52371e+02
5.30318e-02	1.93372e+02
5.30318e-02	2.62265e+02
5.30318e-02	2.75133e+02
5.30318e-02	2.85220e+02
5.30318e-02	2.92604e+02
5.30318e-02	3.02473e+02
5.30319e-02	3.02629e+02
5.32865e-02	3.02218e+02
5.32865e-02	3.02326e+02
5.32865e-02	3.02054e+02
5.32865e-02	3.00728e+02
5.32865e-02	2.96777e+02
5.32865e-02	2.91130e+02
5.32865e-02	2.85349e+02
5.32865e-02	2.79273e+02
5.32865e-02	2.72590e+02
5.32865e-02	2.65530e+02
5.32865e-02	2.62316e+02
5.32865e-02	2.60015e+02
5.32865e-02	2.55253e+02
5.32865e-02	2.48620e+02
5.32865e-02	2.35368e+02
5.32865e-02	2.11278e+02
5.32865e-02	1.76743e+02
5.32865e-02	1.34813e+02
5.32865e-02	9.58289e+01
5.32865e-02	3.72184e+01
5.32865e-02	1.77468e+01
5.32865e-02	9.29716e+00
5.32865e-02	3.27255e+00
5.32865e-02	1.78982e+00
5.32865e-02	4.58176e-01
5.32865e-02	2.02385e-01
5.32865e-02	-2.09963e-02
5.33761e-02	-5.33913e-02
5.33761e-02	1.25710e+00
5.33761e-02	2.79165e+01
5.33761e-02	1.14766e+02
5.33761e-02	2.42073e+02
5.33761e-02	2.56154e+02
5.33761e-02	2.75974e+02
5.33761e-02	2.86959e+02
5.33761e-02	2.93640e+02
5.33761e-02	2.95896e+02
5.33761e-02	2.96892e+02
5.33761e-02	2.97410e+02
5.33761e-02	2.98394e+02
5.33761e-02	3.01358e+02
5.33761e-02	3.02142e+02
5.33761e-02	3.02564e+02
5.33761e-02	3.02848e+02
5.37059e-02	3.02253e+02
5.37059e-02	3.01972e+02
5.37059e-02	2.96739e+02
5.37059e-02	2.52576e+02
5.37059e-02	1.50016e+02
5.37059e-02	3.05965e+01
5.37059e-02	2.00751e+01
5.37059e-02	8.74264e+00
5.37059e-02	3.07260e+00
5.37059e-02	9.49921e-01
5.37059e-02	-2.89856e-01
5.37059e-02	-2.80792e+00
5.37059e-02	-3.73108e+00
5.37059e-02	-4.10428e+00
5.37059e-02	-4.32776e+00
5.41652e-02	-2.70032e+00
5.42399e-02	-2.56110e+00
5.42399e-02	-2.68179e+00
5.42399e-02	-2.17389e+00
5.42399e-02	-7.45361e-01
5.42399e-02	2.80664e+00
5.42399e-02	6.97406e+00
5.42399e-02	1.22678e+01
5.42399e-02	1.85179e+01
5.42400e-02	2.61929e+01
5.42400e-02	3.34524e+01
5.42400e-02	3.65779e+01
5.42400e-02	3.89319e+01
5.42400e-02	4.52604e+01
5.42400e-02	4.72342e+01
5.42400e-02	5.00816e+01
5.42400e-02	1.97238e+02
5.42400e-02	2.16793e+02
5.42400e-02	2.35572e+02
5.42400e-02	2.53184e+02
5.42400e-02	2.57236e+02
5.42400e-02	2.64865e+02
5.42400e-02	2.72881e+02
5.42400e-02	3.01421e+02
5.42400e-02	3.01630e+02
5.46651e-02	3.01369e+02
5.46651e-02	3.01497e+02
5.46651e-02	3.01340e+02
5.46651e-02	3.00215e+02
5.46651e-02	2.97354e+02
5.46651e-02	2.92491e+02
5.46651e-02	2.87197e+02
5.46651e-02	2.81251e+02
5.46651e-02	2.72654e+02
5.46651e-02	2.65531e+02
5.46651e-02	2.62076e+02
5.46651e-02	2.59676e+02
5.46651e-02	2.57177e+02
5.46651e-02	2.54564e+02
5.46651e-02	2.46389e+02
5.46651e-02	2.32879e+02
5.46651e-02	2.05835e+02
5.46651e-02	1.69258e+02
5.46651e-02	1.30716e+02
5.46651e-02	1.16850e+02
5.46651e-02	9.91178e+01
5.46651e-02	6.71500e+01
5.46651e-02	3.07718e+01
5.46651e-02	1.54027e+01
5.46651e-02	7.52497e+00
5.46651e-02	2.68275e+00
5.46651e-02	8.06264e-01
5.46651e-02	5.52843e-02
5.46651e-02	-1.48252e-01
5.46688e-02	-1.58354e-01
5.46688e-02	1.34446e+00
5.46688e-02	2.68494e+01
5.46688e-02	1.12427e+02
5.46688e-02	2.40900e+02
5.46688e-02	2.54981e+02
5.46688e-02	2.73772e+02
5.46688e-02	2.85688e+02
5.46688e-02	2.92026e+02
5.46688e-02	2.94397e+02
5.46688e-02	2.95413e+02
5.46688e-02	2.95913e+02
5.46688e-02	2.97010e+02
5.46688e-02	2.99857e+02
5.46688e-02	3.00551e+02
5.46688e-02	3.01000e+02
5.46688e-02	3.01280e+02
5.51852e-02	3.01010e+02
5.51852e-02	3.00286e+02
5.51852e-02	2.67046e+02
5.51852e-02	1.72187e+02
5.51852e-02	6.79867e+01
5.51852e-02	1.32653e+01
5.51852e-02	-1.15747e+00
5.51852e-02	-3.24423e+00
5.51852e-02	-4.75897e+00
5.51853e-02	-6.46918e+00
5.51853e-02	-6.88263e+00
5.51853e-02	-7.13535e+00
5.54416e-02	-5.58795e+00
5.54416e-02	-5.75983e+00
5.54416e-02	-5.39725e+00
5.54416e-02	-4.85620e+00
5.54416e-02	-1.37888e+00
5.54416e-02	-7.83997e-01
5.54416e-02	-1.94428e-01
5.54416e-02	3.22232e+01
5.54416e-02	8.58171e+01
5.54416e-02	1.54259e+02
5.54416e-02	2.24927e+02
5.54416e-02	2.31919e+02
5.54416e-02	2.40751e+02
5.54416e-02	2.56730e+02
5.54416e-02	2.83593e+02
5.54416e-02	2.95310e+02
5.54416e-02	3.00905e+02
5.54418e-02	3.01035e+02
5.59845e-02	3.00839e+02
5.59845e-02	3.00946e+02
5.59845e-02	3.00650e+02
5.59845e-02	2.99196e+02
5.59845e-02	2.95042e+02
5.59845e-02	2.89608e+02
5.59845e-02	2.83384e+02
5.59845e-02	2.77557e+02
5.59845e-02	2.70535e+02
5.59845e-02	2.63812e+02
5.59845e-02	2.60649e+02
5.59845e-02	2.58219e+02
5.59845e-02	2.53689e+02
5.59845e-02	2.50220e+02
5.59845e-02	2.42370e+02
5.59845e-02	2.28568e+02
5.59845e-02	2.04593e+02
5.59845e-02	1.71132e+02
5.59845e-02	1.37456e+02
5.59845e-02	8.62099e+01
5.59845e-02	3.88137e+01
5.59845e-02	1.91782e+01
5.59845e-02	9.87190e+00
5.59845e-02	3.28139e+00
5.59845e-02	1.52322e+00
5.59845e-02	3.67748e-01
5.59845e-02	2.96715e-02
5.59845e-02	-2.16933e-01
5.59849e-02	-3.32196e-01
5.60172e-02	-2.56842e-01
5.60172e-02	3.60733e-01
5.60172e-02	1.19324e+00
5.60172e-02	1.75657e+00
5.60172e-02	4.26490e+00
5.60172e-02	9.16960e+00
5.60172e-02	1.26727e+01
5.60172e-02	1.74998e+01
5.60172e-02	2.16956e+01
5.60172e-02	1.37202e+02
5.60172e-02	2.54971e+02
5.60172e-02	2.66859e+02
5.60172e-02	2.81825e+02
5.60172e-02	2.89922e+02
5.60172e-02	2.93593e+02
5.60172e-02	2.94879e+02
5.60172e-02	2.95481e+02
5.60172e-02	2.96085e+02
5.60172e-02	2.99847e+02
5.60172e-02	3.00414e+02
5.60172e-02	3.00827e+02
5.60172e-02	3.01075e+02
5.72535e-02	3.00666e+02
5.72535e-02	3.00211e+02
5.72535e-02	2.98590e+02
5.72535e-02	2.94420e+02
5.72535e-02	2.89257e+02
5.72535e-02	2.83289e+02
5.72535e-02	2.77452e+02
5.72535e-02	2.72163e+02
5.72535e-02	2.66634e+02
5.72535e-02	2.63101e+02
5.72535e-02	2.60192e+02
5.72535e-02	2.57911e+02
5.72535e-02	2.53686e+02
5.72535e-02	2.49704e+02
5.72535e-02	2.40943e+02
5.72535e-02	2.26116e+02
5.72535e-02	2.00428e+02
5.72535e-02	1.66409e+02
5.72535e-02	1.31495e+02
5.72535e-02	7.98311e+01
5.72535e-02	3.82066e+01
5.72535e-02	1.93766e+01
5.72535e-02	9.97232e+00
5.72535e-02	3.25382e+00
5.72535e-02	1.45332e+00
5.72535e-02	2.30522e-01
5.72535e-02	-1.31229e-01
5.72535e-02	-3.78585e-01
5.72537e-02	-5.05260e-01
5.74258e-02	-4.55880e-01
5.74258e-02	1.91477e-01
5.74258e-02	1.15439e+00
5.74258e-02	1.65313e+00
5.74258e-02	2.93596e+00
5.74258e-02	1.16921e+02
5.74258e-02	2.44829e+02
5.74258e-02	2.58747e+02
5.74258e-02	2.77949e+02
5.74258e-02	2.87847e+02
5.74258e-02	2.93517e+02
5.74258e-02	2.95492e+02
5.74258e-02	2.96330e+02
5.74258e-02	2.96948e+02
5.74258e-02	3.00562e+02
5.74258e-02	3.01360e+02
5.74258e-02	3.01798e+02
5.74259e-02	3.02090e+02
5.78748e-02	3.01386e+02
5.78748e-02	3.01535e+02
5.81300e-02	3.01236e+02
5.81300e-02	3.00355e+02
5.81301e-02	3.00800e+02
5.81302e-02	3.00960e+02
5.84862e-02	3.00698e+02
5.84862e-02	3.00812e+02
5.84862e-02	3.00517e+02
5.84862e-02	2.99086e+02
5.84862e-02	2.94922e+02
5.84862e-02	2.89085e+02
5.84862e-02	2.83033e+02
5.84862e-02	2.76869e+02
5.84862e-02	2.69018e+02
5.84862e-02	2.62843e+02
5.84862e-02	2.59972e+02
5.84862e-02	2.57289e+02
5.84862e-02	2.52888e+02
5.84862e-02	2.50708e+02
5.84862e-02	2.47599e+02
5.84862e-02	9.20018e+01
5.84862e-02	7.20756e+01
5.84862e-02	5.32248e+01
5.84862e-02	3.76740e+01
5.84862e-02	2.48444e+01
5.84862e-02	1.59142e+01
5.84862e-02	6.76725e+00
5.84862e-02	1.41070e+00
5.84862e-02	-1.24852e-01
5.84862e-02	-6.39341e-01
5.84862e-02	-8.37946e-01
5.88860e-02	-8.31754e-01
5.88860e-02	-4.10637e-01
5.88860e-02	1.64997e+00
5.88860e-02	3.54745e+01
5.88860e-02	1.30163e+02
5.88860e-02	2.55485e+02
5.88860e-02	2.68118e+02
5.88860e-02	2.84262e+02
5.88860e-02	2.92253e+02
5.88860e-02	2.95524e+02
5.88860e-02	2.98443e+02
5.88860e-02	2.99514e+02
5.88860e-02	3.02528e+02
5.88860e-02	3.03155e+02
5.88860e-02	3.03519e+02
5.88861e-02	3.03720e+02
5.92081e-02	3.02704e+02
5.92081e-02	3.02965e+02
5.92081e-02	3.02952e+02
5.92081e-02	3.03185e+02
5.94634e-02	3.02460e+02
5.94634e-02	3.01363e+02
5.94634e-02	3.00619e+02
5.94634e-02	3.00146e+02
5.94634e-02	3.00278e+02
5.94634e-02	3.01388e+02
5.94634e-02	3.01787e+02
5.94635e-02	3.01977e+02
5.96985e-02	3.01582e+02
5.96985e-02	3.01657e+02
5.96985e-02	3.01496e+02
5.96985e-02	3.00773e+02
5.96985e-02	2.98571e+02
5.96985e-02	2.83091e+02
5.96985e-02	2.73317e+02
5.96985e-02	2.66041e+02
5.96985e-02	2.62670e+02
5.96985e-02	2.59293e+02
5.96985e-02	2.53955e+02
5.96985e-02	2.51022e+02
5.96985e-02	2.46568e+02
5.96985e-02	8.96816e+01
5.96985e-02	7.08601e+01
5.96985e-02	3.74140e+01
5.96985e-02	2.03126e+01
5.96985e-02	4.46144e+00
5.96985e-02	-8.78916e-01
5.96988e-02	-1.00465e+00
6.00000e-02	-9.29817e-01
