time	V(a)
0.000000000000000e+000	1.936979e-004	
3.72517e-04	-9.62110e-02
3.72527e-04	-3.07091e-01
3.72528e-04	1.03898e+00
3.72529e-04	7.54869e+00
3.72530e-04	4.37147e+01
3.72531e-04	1.34039e+02
3.72532e-04	2.55676e+02
3.72532e-04	2.68659e+02
3.72532e-04	2.86822e+02
3.72533e-04	2.95658e+02
3.72533e-04	3.01662e+02
3.72533e-04	3.04048e+02
3.72533e-04	3.04890e+02
3.72534e-04	3.05647e+02
3.72535e-04	3.06959e+02
3.72539e-04	3.09483e+02
3.72541e-04	3.09832e+02
3.72659e-04	3.09998e+02
6.50696e-04	3.07465e+02
9.06614e-04	3.05741e+02
9.06616e-04	3.05868e+02
9.06616e-04	3.05709e+02
9.06616e-04	3.05079e+02
9.06616e-04	3.03290e+02
9.06617e-04	3.00410e+02
9.06617e-04	2.96393e+02
9.06617e-04	2.91747e+02
9.06618e-04	2.85419e+02
9.06618e-04	2.79012e+02
9.06619e-04	2.71598e+02
9.06620e-04	2.67425e+02
9.06620e-04	2.65122e+02
9.06622e-04	2.58558e+02
9.06623e-04	2.52273e+02
9.06623e-04	2.39469e+02
9.06624e-04	2.16275e+02
9.06624e-04	1.82851e+02
9.06624e-04	1.42022e+02
9.06624e-04	1.04371e+02
9.06625e-04	4.03383e+01
9.06625e-04	1.97359e+01
9.06625e-04	1.10245e+01
9.06625e-04	6.40802e+00
9.06625e-04	3.06352e+00
9.06626e-04	-6.75177e-01
9.06697e-04	-8.30268e-01
1.85190e-03	-7.21925e-01
1.85190e-03	2.42415e+01
1.85190e-03	1.04612e+02
1.85191e-03	2.09247e+02
1.85191e-03	2.90687e+02
1.85191e-03	2.96292e+02
1.85191e-03	3.01782e+02
1.85191e-03	3.03571e+02
1.85191e-03	3.04702e+02
1.85191e-03	3.07274e+02
1.85191e-03	3.07765e+02
1.85192e-03	3.08104e+02
1.85195e-03	3.08325e+02
2.10824e-03	3.06443e+02
2.10825e-03	3.06662e+02
2.10825e-03	3.06292e+02
2.10825e-03	3.05851e+02
2.10826e-03	3.02651e+02
2.10826e-03	2.98130e+02
2.10826e-03	2.79224e+02
2.10826e-03	2.38637e+02
2.10826e-03	1.83551e+02
2.10826e-03	1.18956e+02
2.10826e-03	6.55424e+01
2.10827e-03	2.45432e+01
2.10827e-03	-6.71967e-01
2.10828e-03	-8.55465e-01
4.00864e-03	-5.19081e-01
4.54143e-03	-3.59644e-01
4.54144e-03	-5.92506e-01
4.79671e-03	-6.12353e-01
4.79672e-03	-2.68850e-01
4.79672e-03	5.29893e-01
4.79672e-03	6.06849e-01
4.79672e-03	-3.21815e-02
4.79680e-03	-2.27547e-01
5.87477e-03	-1.52506e-01
5.87477e-03	-4.63703e-01
5.87478e-03	-3.26118e-01
5.87478e-03	-6.36413e-01
6.13007e-03	-5.50675e-01
6.13007e-03	-3.27190e-01
6.13007e-03	1.82617e-01
6.13007e-03	1.59848e+00
6.13007e-03	1.83942e+00
6.13007e-03	1.49349e+00
6.13007e-03	4.15932e-01
6.13008e-03	1.22879e-01
6.13017e-03	-5.31781e-02
7.20771e-03	-1.12650e-01
7.20771e-03	-4.08813e-01
7.20772e-03	-3.06047e-01
7.20772e-03	-6.18484e-01
7.46430e-03	-4.70094e-01
7.46430e-03	5.22258e-02
7.46430e-03	1.60699e+00
7.46430e-03	2.20176e+00
7.46431e-03	2.14274e+00
7.46431e-03	8.96948e-01
7.46431e-03	4.36764e-01
7.46431e-03	1.65553e-01
7.46440e-03	-8.95591e-03
8.48622e-03	-9.54237e-02
8.48622e-03	-3.52746e-01
8.48623e-03	-3.14360e-01
8.48623e-03	5.23840e+00
8.48623e-03	2.22299e+01
8.48623e-03	8.14979e+01
8.48623e-03	1.86826e+02
8.48623e-03	2.90027e+02
8.48623e-03	2.98050e+02
8.48623e-03	2.99152e+02
8.48623e-03	3.00978e+02
8.48623e-03	3.04582e+02
8.48624e-03	3.06486e+02
8.48624e-03	3.08264e+02
8.48624e-03	3.09666e+02
8.48624e-03	3.09877e+02
8.48664e-03	3.09992e+02
8.78509e-03	3.07302e+02
8.88598e-03	3.06533e+02
8.88598e-03	3.06158e+02
8.88598e-03	3.05144e+02
8.88598e-03	3.02994e+02
8.88598e-03	3.00162e+02
8.88598e-03	2.91077e+02
8.88598e-03	2.84777e+02
8.88598e-03	2.78861e+02
8.88598e-03	2.75272e+02
8.88598e-03	2.71650e+02
8.88598e-03	2.68476e+02
8.88598e-03	2.65993e+02
8.88598e-03	2.64400e+02
8.88598e-03	2.61202e+02
8.88598e-03	2.59166e+02
8.88598e-03	2.57634e+02
8.88598e-03	2.54560e+02
8.88598e-03	2.48403e+02
8.88598e-03	2.34141e+02
8.88599e-03	2.12898e+02
8.88599e-03	1.83044e+02
8.88599e-03	1.48845e+02
8.88599e-03	1.02300e+02
8.88599e-03	4.30397e+01
8.88599e-03	2.20224e+01
8.88599e-03	1.27132e+01
8.88599e-03	7.29829e+00
8.88599e-03	4.44839e+00
8.88599e-03	2.75932e+00
8.88599e-03	1.57472e+00
8.88599e-03	6.79871e-01
8.88599e-03	3.20903e-01
8.88599e-03	-7.20444e-01
8.88686e-03	-8.27570e-01
9.69847e-03	-7.50917e-01
9.69848e-03	8.75214e-02
9.69848e-03	6.37731e+00
9.69848e-03	4.51035e+01
9.69848e-03	1.39090e+02
9.69848e-03	2.61904e+02
9.69848e-03	2.75364e+02
9.69848e-03	2.78033e+02
9.69848e-03	2.82601e+02
9.69848e-03	2.89665e+02
9.69848e-03	2.95371e+02
9.69848e-03	3.02373e+02
9.69848e-03	3.04536e+02
9.69848e-03	3.06089e+02
9.69849e-03	3.07839e+02
9.69849e-03	3.08242e+02
9.69853e-03	3.08472e+02
1.00241e-02	3.06023e+02
1.03725e-02	3.04165e+02
1.03725e-02	3.04244e+02
1.03725e-02	3.02251e+02
1.03725e-02	2.95185e+02
1.03725e-02	2.84712e+02
1.03725e-02	2.75309e+02
1.03725e-02	2.68254e+02
1.03725e-02	2.64891e+02
1.03725e-02	2.61602e+02
1.03725e-02	2.59000e+02
1.03725e-02	2.56654e+02
1.03725e-02	1.54564e+02
1.03725e-02	2.84964e+01
1.03725e-02	7.59049e+00
1.03725e-02	-8.19361e-01
1.03727e-02	-9.47240e-01
1.09066e-02	-8.49160e-01
1.09066e-02	8.08291e-01
1.09066e-02	1.65664e+01
1.09066e-02	7.88120e+01
1.09066e-02	1.84873e+02
1.09066e-02	2.85600e+02
1.09066e-02	2.92865e+02
1.09066e-02	2.99743e+02
1.09066e-02	3.01578e+02
1.09066e-02	3.02710e+02
1.09066e-02	3.05229e+02
1.09066e-02	3.05764e+02
1.09066e-02	3.06231e+02
1.09066e-02	3.06505e+02
1.13441e-02	3.04138e+02
1.18209e-02	3.02468e+02
1.18499e-02	3.02453e+02
1.18499e-02	3.02551e+02
1.18499e-02	3.02268e+02
1.18499e-02	3.01022e+02
1.18499e-02	2.97345e+02
1.18499e-02	2.92002e+02
1.18499e-02	2.86603e+02
1.18499e-02	2.80291e+02
1.18499e-02	2.74088e+02
1.18499e-02	2.66370e+02
1.18499e-02	2.62985e+02
1.18499e-02	2.60777e+02
1.18499e-02	2.54435e+02
1.18499e-02	2.52222e+02
1.18499e-02	2.48753e+02
1.18499e-02	2.48049e+02
1.18499e-02	2.45920e+02
1.18499e-02	2.40148e+02
1.18499e-02	2.25559e+02
1.18499e-02	2.00476e+02
1.18499e-02	1.69280e+02
1.18499e-02	1.30225e+02
1.18499e-02	7.89041e+01
1.18499e-02	3.92407e+01
1.18499e-02	2.05591e+01
1.18499e-02	1.11423e+01
1.18499e-02	4.02666e+00
1.18499e-02	2.05852e+00
1.18499e-02	1.63753e-02
1.18499e-02	-5.82632e-01
1.18500e-02	-9.30566e-01
1.21271e-02	-8.81698e-01
1.21271e-02	-2.30873e-01
1.21271e-02	1.07858e+01
1.21271e-02	6.84495e+01
1.21271e-02	1.75774e+02
1.21271e-02	2.81382e+02
1.21271e-02	2.89183e+02
1.21271e-02	2.95988e+02
1.21271e-02	2.97827e+02
1.21271e-02	2.98596e+02
1.21271e-02	2.99145e+02
1.21271e-02	3.01778e+02
1.21271e-02	3.02960e+02
1.21271e-02	3.03664e+02
1.21271e-02	3.04022e+02
1.21272e-02	3.04238e+02
1.25918e-02	3.02568e+02
1.31931e-02	3.01309e+02
1.32865e-02	3.01219e+02
1.32865e-02	3.01000e+02
1.32865e-02	2.99848e+02
1.32865e-02	2.96781e+02
1.32865e-02	2.91971e+02
1.32865e-02	2.86187e+02
1.32865e-02	2.80321e+02
1.32865e-02	2.73339e+02
1.32865e-02	2.69575e+02
1.32865e-02	2.65892e+02
1.32865e-02	2.62869e+02
1.32865e-02	2.60200e+02
1.32865e-02	2.53942e+02
1.32865e-02	2.51382e+02
1.32865e-02	2.45786e+02
1.32865e-02	2.35798e+02
1.32865e-02	2.15220e+02
1.32865e-02	1.86748e+02
1.32865e-02	1.53253e+02
1.32865e-02	1.11909e+02
1.32865e-02	4.95069e+01
1.32865e-02	2.42097e+01
1.32865e-02	1.10247e+01
1.32865e-02	1.07825e+01
1.32865e-02	-8.91836e-01
1.32865e-02	-1.06064e+00
1.33761e-02	-9.81241e-01
1.33761e-02	2.95660e-01
1.33761e-02	2.70629e+01
1.33761e-02	1.14147e+02
1.33761e-02	2.41583e+02
1.33761e-02	2.55631e+02
1.33761e-02	2.75295e+02
1.33761e-02	2.86197e+02
1.33761e-02	2.92757e+02
1.33761e-02	2.94961e+02
1.33761e-02	2.95949e+02
1.33761e-02	2.96460e+02
1.33761e-02	2.97443e+02
1.33761e-02	3.00408e+02
1.33761e-02	3.01188e+02
1.33761e-02	3.01608e+02
1.33761e-02	3.01891e+02
1.41792e-02	3.00759e+02
1.46651e-02	3.00460e+02
1.46651e-02	3.00589e+02
1.46651e-02	3.00455e+02
1.46651e-02	2.99455e+02
1.46651e-02	2.96764e+02
1.46651e-02	2.92197e+02
1.46651e-02	2.81002e+02
1.46651e-02	2.74096e+02
1.46651e-02	2.66387e+02
1.46651e-02	2.61917e+02
1.46651e-02	2.59387e+02
1.46651e-02	2.54377e+02
1.46651e-02	2.49929e+02
1.46651e-02	2.42199e+02
1.46651e-02	2.30459e+02
1.46651e-02	2.27571e+02
1.46651e-02	5.96158e+01
1.46651e-02	4.22687e+01
1.46651e-02	1.83240e+01
1.46651e-02	8.89667e+00
1.46651e-02	2.60160e+00
1.46651e-02	2.11361e+00
1.46651e-02	3.50926e-01
1.46651e-02	-7.91007e-01
1.46651e-02	-1.02808e+00
1.46687e-02	-1.02109e+00
1.46688e-02	4.35632e-01
1.46688e-02	1.97980e+01
1.46688e-02	9.47544e+01
1.46688e-02	2.22631e+02
1.46688e-02	2.38341e+02
1.46688e-02	2.61863e+02
1.46688e-02	2.77775e+02
1.46688e-02	2.88272e+02
1.46688e-02	2.92683e+02
1.46688e-02	2.94089e+02
1.46688e-02	2.94845e+02
1.46688e-02	2.95574e+02
1.46688e-02	2.98850e+02
1.46688e-02	2.99613e+02
1.46688e-02	3.00065e+02
1.46688e-02	3.00366e+02
1.59845e-02	3.00059e+02
1.59845e-02	3.00188e+02
1.59845e-02	3.00052e+02
1.59845e-02	2.99014e+02
1.59845e-02	2.96241e+02
1.59845e-02	2.91543e+02
1.59845e-02	2.80223e+02
1.59845e-02	2.73247e+02
1.59845e-02	2.65497e+02
1.59845e-02	2.61200e+02
1.59845e-02	2.58700e+02
1.59845e-02	2.53236e+02
1.59845e-02	2.44919e+02
1.59845e-02	2.28711e+02
1.59845e-02	1.95996e+02
1.59845e-02	1.55814e+02
1.59845e-02	1.16747e+02
1.59845e-02	6.81059e+01
1.59845e-02	3.46870e+01
1.59845e-02	1.77955e+01
1.59845e-02	8.68355e+00
1.59845e-02	2.44153e+00
1.59845e-02	7.35135e-01
1.59845e-02	-4.10344e-01
1.59845e-02	-7.47896e-01
1.59845e-02	-9.94659e-01
1.59851e-02	-1.10969e+00
1.60172e-02	-1.07496e+00
1.60172e-02	3.46287e-01
1.60172e-02	1.21500e+01
1.60172e-02	7.45492e+01
1.60172e-02	2.02960e+02
1.60172e-02	2.20438e+02
1.60172e-02	2.47928e+02
1.60172e-02	2.70283e+02
1.60172e-02	2.84538e+02
1.60172e-02	2.93057e+02
1.60172e-02	2.94463e+02
1.60172e-02	2.95151e+02
1.60172e-02	2.98809e+02
1.60172e-02	2.99532e+02
1.60172e-02	3.00004e+02
1.60172e-02	3.00284e+02
1.72535e-02	3.00010e+02
1.72535e-02	2.99634e+02
1.72535e-02	2.98121e+02
1.72535e-02	2.93888e+02
1.72535e-02	2.88397e+02
1.72535e-02	2.82310e+02
1.72535e-02	2.75554e+02
1.72535e-02	2.70148e+02
1.72535e-02	2.65926e+02
1.72535e-02	2.62778e+02
1.72535e-02	2.59961e+02
1.72535e-02	2.57662e+02
1.72535e-02	2.53723e+02
1.72535e-02	2.51548e+02
1.72535e-02	2.48787e+02
1.72535e-02	2.42487e+02
1.72535e-02	2.29420e+02
1.72535e-02	2.08602e+02
1.72535e-02	1.78556e+02
1.72535e-02	1.44424e+02
1.72535e-02	9.82994e+01
1.72535e-02	3.31186e+01
1.72535e-02	1.39170e+01
1.72535e-02	6.00930e+00
1.72535e-02	1.91260e+00
1.72535e-02	5.81521e-01
1.72535e-02	-4.30358e-01
1.72535e-02	-8.00576e-01
1.72535e-02	-1.02108e+00
1.74258e-02	-1.03740e+00
1.74258e-02	-3.96797e-01
1.74258e-02	7.03234e-01
1.74258e-02	9.40038e-01
1.74258e-02	2.11474e+00
1.74258e-02	5.34874e+00
1.74258e-02	7.92038e+00
1.74258e-02	1.24322e+01
1.74258e-02	1.31254e+02
1.74258e-02	2.54521e+02
1.74258e-02	2.67024e+02
1.74258e-02	2.82748e+02
1.74258e-02	2.90591e+02
1.74258e-02	2.94207e+02
1.74258e-02	2.95435e+02
1.74258e-02	2.96029e+02
1.74258e-02	2.96577e+02
1.74258e-02	3.00314e+02
1.74258e-02	3.00924e+02
1.74258e-02	3.01326e+02
1.74259e-02	3.01563e+02
1.82370e-02	3.00596e+02
1.84862e-02	3.00518e+02
1.84862e-02	3.00060e+02
1.84862e-02	2.98401e+02
1.84862e-02	2.93676e+02
1.84862e-02	2.88173e+02
1.84862e-02	2.82153e+02
1.84862e-02	2.75748e+02
1.84862e-02	2.70733e+02
1.84862e-02	2.64516e+02
1.84862e-02	2.61303e+02
1.84862e-02	2.58860e+02
1.84862e-02	2.54462e+02
1.84862e-02	2.52159e+02
1.84862e-02	2.50770e+02
1.84862e-02	1.21286e+02
1.84862e-02	1.48468e+01
1.84862e-02	7.17939e+00
1.84862e-02	3.11823e-01
1.84862e-02	1.59061e-02
1.84862e-02	-7.91377e-01
1.84862e-02	-1.02629e+00
1.88860e-02	-9.59297e-01
1.88860e-02	-5.03750e-01
1.88860e-02	2.02119e+00
1.88860e-02	3.85770e+01
1.88860e-02	1.36368e+02
1.88860e-02	2.60370e+02
1.88860e-02	2.72276e+02
1.88860e-02	2.86576e+02
1.88860e-02	2.93620e+02
1.88860e-02	2.96691e+02
1.88860e-02	2.97785e+02
1.88860e-02	2.98281e+02
1.88860e-02	2.99107e+02
1.88860e-02	3.02084e+02
1.88860e-02	3.02908e+02
1.88860e-02	3.03308e+02
1.88860e-02	3.03569e+02
1.94194e-02	3.02009e+02
1.96985e-02	3.01540e+02
1.96985e-02	3.01503e+02
1.96985e-02	3.00656e+02
1.96985e-02	2.98334e+02
1.96985e-02	2.93886e+02
1.96985e-02	2.83367e+02
1.96985e-02	2.77443e+02
1.96985e-02	2.69924e+02
1.96985e-02	2.63888e+02
1.96985e-02	2.61204e+02
1.96985e-02	2.58719e+02
1.96985e-02	2.54271e+02
1.96985e-02	2.50383e+02
1.96985e-02	2.41306e+02
1.96985e-02	2.25629e+02
1.96985e-02	1.99486e+02
1.96985e-02	1.64246e+02
1.96985e-02	1.30623e+02
1.96985e-02	7.09000e+01
1.96985e-02	6.50014e+01
1.96985e-02	6.21480e+01
1.96985e-02	4.50520e+01
1.96985e-02	3.03684e+01
1.96985e-02	1.82659e+01
1.96985e-02	3.89983e+00
1.96985e-02	-9.37288e-01
1.96988e-02	-1.05639e+00
2.03725e-02	-8.37622e-01
2.03725e-02	-5.59249e-01
2.03725e-02	4.93987e+00
2.03725e-02	3.38797e+01
2.03725e-02	1.11616e+02
2.03725e-02	2.50941e+02
2.03725e-02	2.74908e+02
2.03725e-02	2.88171e+02
2.03725e-02	2.97169e+02
2.03725e-02	3.01091e+02
2.03725e-02	3.02080e+02
2.03725e-02	3.04618e+02
2.03725e-02	3.05188e+02
2.03725e-02	3.05514e+02
2.03727e-02	3.05670e+02
2.07206e-02	3.03914e+02
2.09066e-02	3.03265e+02
2.09066e-02	3.03373e+02
2.09066e-02	3.03142e+02
2.09066e-02	3.02086e+02
2.09066e-02	2.99060e+02
2.09066e-02	2.94587e+02
2.09066e-02	2.83370e+02
2.09066e-02	2.76879e+02
2.09066e-02	2.69419e+02
2.09066e-02	2.65030e+02
2.09066e-02	2.64123e+02
2.09066e-02	2.57933e+02
2.09066e-02	2.25302e+02
2.09066e-02	1.35054e+02
2.09066e-02	1.74527e+01
2.09066e-02	-7.71354e-01
2.09066e-02	-9.43100e-01
2.18519e-02	-8.32256e-01
2.18519e-02	2.44852e+00
2.18519e-02	4.37855e+01
2.18519e-02	1.44950e+02
2.18519e-02	2.62317e+02
2.18519e-02	2.71095e+02
2.18519e-02	2.94127e+02
2.18519e-02	3.02286e+02
2.18519e-02	3.03709e+02
2.18519e-02	3.06292e+02
2.18519e-02	3.06760e+02
2.18519e-02	3.07094e+02
2.18519e-02	3.07341e+02
2.21082e-02	3.05650e+02
2.21082e-02	3.05890e+02
2.21082e-02	3.05581e+02
2.21082e-02	3.05392e+02
2.21082e-02	3.04983e+02
2.21082e-02	3.03483e+02
2.21082e-02	3.01222e+02
2.21082e-02	2.84283e+02
2.21082e-02	2.43121e+02
2.21082e-02	1.79741e+02
2.21082e-02	1.10172e+02
2.21083e-02	4.40588e+01
2.21083e-02	3.59765e+01
2.21083e-02	2.30285e+01
2.21083e-02	5.15824e+00
2.21083e-02	-7.93406e-01
2.21084e-02	-9.23825e-01
2.43302e-02	-4.53998e-01
2.45414e-02	-4.50637e-01
2.45415e-02	-6.00063e-01
2.47967e-02	-5.86086e-01
2.47967e-02	-2.22607e-01
2.47967e-02	2.65302e-01
2.47967e-02	-1.30296e-01
2.47969e-02	-2.77752e-01
2.58748e-02	-1.07313e-01
2.58748e-02	-4.37439e-01
2.58748e-02	-3.45407e-01
2.58748e-02	-6.40208e-01
2.61301e-02	-5.63253e-01
2.61301e-02	-2.11801e-01
2.61301e-02	1.12489e+00
2.61301e-02	1.91911e+00
2.61301e-02	1.71551e+00
2.61301e-02	6.28063e-01
2.61301e-02	2.74265e-01
2.61301e-02	5.53623e-02
2.61304e-02	-6.59841e-02
2.72077e-02	-8.43636e-02
2.72077e-02	-3.62965e-01
2.72077e-02	-2.65330e-01
2.72077e-02	-6.34608e-01
2.74643e-02	-4.85519e-01
2.74643e-02	-2.10522e-01
2.74643e-02	3.28859e-01
2.74643e-02	1.86913e+00
2.74643e-02	2.19299e+00
2.74643e-02	1.88945e+00
2.74643e-02	6.39604e-01
2.74643e-02	3.08479e-01
2.74643e-02	9.88873e-02
2.74648e-02	-1.24910e-02
2.84862e-02	-6.87764e-02
2.84862e-02	-3.45316e-01
2.84862e-02	-2.84504e-01
2.84862e-02	8.82327e-01
2.84862e-02	6.76478e+00
2.84862e-02	3.51117e+01
2.84862e-02	1.14749e+02
2.84862e-02	2.40006e+02
2.84862e-02	2.56190e+02
2.84862e-02	2.69456e+02
2.84862e-02	2.79754e+02
2.84862e-02	2.88834e+02
2.84862e-02	3.00651e+02
2.84862e-02	3.05771e+02
2.84862e-02	3.06994e+02
2.84862e-02	3.09022e+02
2.84862e-02	3.09488e+02
2.84862e-02	3.09828e+02
2.84864e-02	3.09994e+02
2.87807e-02	3.07335e+02
2.88860e-02	3.06602e+02
2.88860e-02	3.05986e+02
2.88860e-02	3.01816e+02
2.88860e-02	2.92664e+02
2.88860e-02	2.82275e+02
2.88860e-02	2.74333e+02
2.88860e-02	2.68993e+02
2.88860e-02	2.65094e+02
2.88860e-02	2.61473e+02
2.88860e-02	2.28752e+02
2.88860e-02	1.38845e+02
2.88860e-02	2.13582e+01
2.88860e-02	6.38805e+00
2.88860e-02	-7.04505e-01
2.88862e-02	-8.28934e-01
2.96985e-02	-7.45273e-01
2.96985e-02	-5.02448e-01
2.96985e-02	4.22486e+00
2.96985e-02	3.32426e+01
2.96985e-02	1.13056e+02
2.96985e-02	2.38249e+02
2.96985e-02	2.52765e+02
2.96985e-02	2.66395e+02
2.96985e-02	2.92694e+02
2.96985e-02	3.03282e+02
2.96985e-02	3.04930e+02
2.96985e-02	3.06995e+02
2.96985e-02	3.08004e+02
2.96985e-02	3.08301e+02
2.96986e-02	3.08488e+02
3.00132e-02	3.06093e+02
3.03725e-02	3.04168e+02
3.03725e-02	3.04208e+02
3.03725e-02	3.03768e+02
3.03725e-02	3.00064e+02
3.03725e-02	2.91229e+02
3.03725e-02	2.80715e+02
3.03725e-02	2.72415e+02
3.03725e-02	2.66643e+02
3.03725e-02	2.62297e+02
3.03725e-02	2.50405e+02
3.03725e-02	1.92665e+02
3.03725e-02	6.73505e+01
3.03725e-02	6.05688e+01
3.03725e-02	4.49963e+01
3.03725e-02	3.16078e+01
3.03725e-02	2.13965e+01
3.03725e-02	1.36657e+01
3.03725e-02	-6.51740e-01
3.03725e-02	-7.87701e-01
3.03726e-02	-9.45239e-01
3.09066e-02	-8.37166e-01
3.09066e-02	1.75913e+00
3.09066e-02	3.01034e+01
3.09066e-02	1.13661e+02
3.09066e-02	2.38410e+02
3.09066e-02	2.53037e+02
3.09066e-02	2.75336e+02
3.09066e-02	2.87205e+02
3.09066e-02	2.96196e+02
3.09066e-02	3.00045e+02
3.09066e-02	3.01084e+02
3.09066e-02	3.01478e+02
3.09066e-02	3.03050e+02
3.09066e-02	3.05494e+02
3.09066e-02	3.05932e+02
3.09066e-02	3.06330e+02
3.09067e-02	3.06566e+02
3.12920e-02	3.04377e+02
3.17009e-02	3.02817e+02
3.18499e-02	3.02466e+02
3.18499e-02	3.02340e+02
3.18499e-02	3.01582e+02
3.18499e-02	2.99419e+02
3.18499e-02	2.95574e+02
3.18499e-02	2.85435e+02
3.18499e-02	2.79230e+02
3.18499e-02	2.73403e+02
3.18499e-02	2.69359e+02
3.18499e-02	2.65618e+02
3.18499e-02	2.62649e+02
3.18499e-02	2.60329e+02
3.18499e-02	2.56221e+02
3.18499e-02	2.54244e+02
3.18499e-02	2.51868e+02
3.18499e-02	2.48316e+02
3.18499e-02	9.55177e+01
3.18499e-02	7.67802e+01
3.18499e-02	4.23940e+01
3.18499e-02	2.52340e+01
3.18499e-02	1.50574e+01
3.18499e-02	6.14256e+00
3.18499e-02	-8.67820e-01
3.18500e-02	-1.01932e+00
3.21271e-02	-8.86652e-01
3.21271e-02	-1.36561e-01
3.21271e-02	2.36887e+01
3.21271e-02	1.06071e+02
3.21271e-02	2.34759e+02
3.21271e-02	2.49875e+02
3.21271e-02	2.72507e+02
3.21271e-02	2.84994e+02
3.21271e-02	2.93555e+02
3.21271e-02	2.97686e+02
3.21271e-02	2.98685e+02
3.21271e-02	2.99249e+02
3.21271e-02	3.03075e+02
3.21271e-02	3.03705e+02
3.21271e-02	3.04058e+02
3.21272e-02	3.04242e+02
3.26039e-02	3.02535e+02
3.31953e-02	3.01306e+02
3.32865e-02	3.01235e+02
3.32865e-02	3.01283e+02
3.32865e-02	3.00478e+02
3.32865e-02	2.98341e+02
3.32865e-02	2.94205e+02
3.32865e-02	2.83887e+02
3.32865e-02	2.76873e+02
3.32865e-02	2.69492e+02
3.32865e-02	2.63779e+02
3.32865e-02	2.60980e+02
3.32865e-02	2.58300e+02
3.32865e-02	2.53904e+02
3.32865e-02	2.51397e+02
3.32865e-02	2.45963e+02
3.32865e-02	2.35727e+02
3.32865e-02	2.15875e+02
3.32865e-02	1.87936e+02
3.32865e-02	1.55025e+02
3.32865e-02	1.12037e+02
3.32865e-02	5.11350e+01
3.32865e-02	4.13872e+01
3.32865e-02	2.47147e+01
3.32865e-02	1.58036e+01
3.32865e-02	9.18296e+00
3.32865e-02	4.74858e+00
3.32865e-02	2.78990e+00
3.32865e-02	6.08988e-01
3.32865e-02	-5.86709e-01
3.32865e-02	-9.61629e-01
3.32885e-02	-1.06652e+00
3.33761e-02	-1.02689e+00
3.33761e-02	-2.42406e-01
3.33761e-02	3.23321e-01
3.33761e-02	2.77396e+01
3.33761e-02	1.15706e+02
3.33761e-02	2.42629e+02
3.33761e-02	2.56504e+02
3.33761e-02	2.75894e+02
3.33761e-02	2.86526e+02
3.33761e-02	2.93488e+02
3.33761e-02	2.93865e+02
3.33761e-02	2.94998e+02
3.33761e-02	2.95837e+02
3.33761e-02	2.96484e+02
3.33761e-02	2.97132e+02
3.33761e-02	3.00554e+02
3.33761e-02	3.01242e+02
3.33761e-02	3.01667e+02
3.33761e-02	3.01917e+02
3.41333e-02	3.00803e+02
3.46651e-02	3.00462e+02
3.46651e-02	3.00571e+02
3.46651e-02	3.00289e+02
3.46651e-02	2.98889e+02
3.46651e-02	2.94775e+02
3.46651e-02	2.88779e+02
3.46651e-02	2.82908e+02
3.46651e-02	2.76890e+02
3.46651e-02	2.70064e+02
3.46651e-02	2.63300e+02
3.46651e-02	2.60150e+02
3.46651e-02	2.57779e+02
3.46651e-02	2.53300e+02
3.46651e-02	2.49223e+02
3.46651e-02	2.39807e+02
3.46651e-02	2.23571e+02
3.46651e-02	1.96994e+02
3.46651e-02	1.61461e+02
3.46651e-02	1.26842e+02
3.46651e-02	6.96527e+01
3.46651e-02	3.33160e+01
3.46651e-02	1.68126e+01
3.46651e-02	8.15524e+00
3.46651e-02	2.33789e+00
3.46651e-02	6.14279e-01
3.46651e-02	-4.03636e-01
3.46651e-02	-8.50875e-01
3.46651e-02	-1.03500e+00
3.46687e-02	-1.06897e+00
3.46688e-02	-6.33229e-01
3.46688e-02	4.10918e-01
3.46688e-02	1.92284e+01
3.46688e-02	9.36735e+01
3.46688e-02	2.24929e+02
3.46688e-02	2.26844e+02
3.46688e-02	2.73754e+02
3.46688e-02	2.92921e+02
3.46688e-02	2.95647e+02
3.46688e-02	2.97028e+02
3.46688e-02	2.99150e+02
3.46688e-02	2.99738e+02
3.46688e-02	3.00179e+02
3.46688e-02	3.00419e+02
3.59845e-02	3.00039e+02
3.59845e-02	2.99946e+02
3.59845e-02	2.99067e+02
3.59845e-02	2.96567e+02
3.59845e-02	2.92058e+02
3.59845e-02	2.80795e+02
3.59845e-02	2.75746e+02
3.59845e-02	2.70440e+02
3.59845e-02	2.65881e+02
3.59845e-02	2.62615e+02
3.59845e-02	2.59765e+02
3.59845e-02	2.57283e+02
3.59845e-02	2.53069e+02
3.59845e-02	2.49879e+02
3.59845e-02	2.42999e+02
3.59845e-02	2.31045e+02
3.59845e-02	2.08082e+02
3.59845e-02	1.75499e+02
3.59845e-02	1.42187e+02
3.59845e-02	9.59397e+01
3.59845e-02	3.71939e+01
3.59845e-02	1.69683e+01
3.59845e-02	8.13494e+00
3.59845e-02	2.11153e+00
3.59845e-02	4.89168e-01
3.59845e-02	-4.98415e-01
3.59845e-02	-8.11779e-01
3.59845e-02	-1.01993e+00
3.60172e-02	-1.06052e+00
3.60172e-02	3.17854e-01
3.60172e-02	1.10163e+01
3.60172e-02	7.18213e+01
3.60172e-02	2.00996e+02
3.60172e-02	2.18812e+02
3.60172e-02	2.45359e+02
3.60172e-02	2.69089e+02
3.60172e-02	2.83969e+02
3.60172e-02	2.92760e+02
3.60172e-02	2.94258e+02
3.60172e-02	2.94766e+02
3.60172e-02	2.95401e+02
3.60172e-02	2.98796e+02
3.60172e-02	2.99525e+02
3.60172e-02	3.00001e+02
3.60172e-02	3.00275e+02
3.72535e-02	3.00065e+02
3.72535e-02	3.00271e+02
3.72535e-02	3.00134e+02
3.72535e-02	2.99165e+02
3.72535e-02	2.96766e+02
3.72535e-02	2.91629e+02
3.72535e-02	2.80592e+02
3.72535e-02	2.72447e+02
3.72535e-02	2.65507e+02
3.72535e-02	2.61017e+02
3.72535e-02	2.58110e+02
3.72535e-02	2.54705e+02
3.72535e-02	2.46714e+02
3.72535e-02	2.32057e+02
3.72535e-02	2.04588e+02
3.72535e-02	1.66250e+02
3.72535e-02	1.23926e+02
3.72535e-02	8.21064e+01
3.72535e-02	3.45159e+01
3.72535e-02	1.64597e+01
3.72535e-02	7.85004e+00
3.72535e-02	2.06025e+00
3.72535e-02	4.59894e-01
3.72535e-02	-5.07151e-01
3.72535e-02	-8.14637e-01
3.72535e-02	-1.02266e+00
3.74258e-02	-1.03243e+00
3.74258e-02	-3.43183e-01
3.74258e-02	6.07426e-01
3.74258e-02	1.07542e+00
3.74258e-02	2.61685e+00
3.74258e-02	1.25975e+02
3.74258e-02	2.53512e+02
3.74258e-02	2.66312e+02
3.74258e-02	2.82296e+02
3.74258e-02	2.90394e+02
3.74258e-02	2.94114e+02
3.74258e-02	2.95400e+02
3.74258e-02	2.96016e+02
3.74258e-02	2.96582e+02
3.74258e-02	3.00322e+02
3.74258e-02	3.00927e+02
3.74258e-02	3.01326e+02
3.74259e-02	3.01561e+02
3.82416e-02	3.00593e+02
3.84862e-02	3.00489e+02
3.84862e-02	3.00599e+02
3.84862e-02	3.00321e+02
3.84862e-02	2.98930e+02
3.84862e-02	2.94822e+02
3.84862e-02	2.88877e+02
3.84862e-02	2.82981e+02
3.84862e-02	2.76973e+02
3.84862e-02	2.70148e+02
3.84862e-02	2.63378e+02
3.84862e-02	2.60230e+02
3.84862e-02	2.57880e+02
3.84862e-02	2.53148e+02
3.84862e-02	2.49237e+02
3.84862e-02	2.40053e+02
3.84862e-02	2.24060e+02
3.84862e-02	1.98037e+02
3.84862e-02	1.62232e+02
3.84862e-02	1.27816e+02
3.84862e-02	6.82357e+01
3.84862e-02	4.99388e+01
3.84862e-02	3.39783e+01
3.84862e-02	2.17484e+01
3.84862e-02	1.01516e+01
3.84862e-02	3.57437e+00
3.84862e-02	-9.39843e-01
3.84863e-02	-1.09356e+00
3.88860e-02	-9.30000e-01
3.88860e-02	-4.37603e-01
3.88860e-02	3.08674e+00
3.88860e-02	4.56765e+01
3.88860e-02	1.49912e+02
3.88860e-02	2.71898e+02
3.88860e-02	2.73833e+02
3.88860e-02	2.91259e+02
3.88860e-02	2.98374e+02
3.88860e-02	2.99612e+02
3.88860e-02	3.02028e+02
3.88860e-02	3.02895e+02
3.88860e-02	3.03312e+02
3.88860e-02	3.03567e+02
3.94299e-02	3.01985e+02
3.96985e-02	3.01530e+02
3.96985e-02	3.01641e+02
3.96985e-02	3.01383e+02
3.96985e-02	3.00102e+02
3.96985e-02	2.96217e+02
3.96985e-02	2.90811e+02
3.96985e-02	2.84974e+02
3.96985e-02	2.78918e+02
3.96985e-02	2.72252e+02
3.96985e-02	2.65087e+02
3.96985e-02	2.61847e+02
3.96985e-02	2.59593e+02
3.96985e-02	2.55058e+02
3.96985e-02	2.49978e+02
3.96985e-02	2.40647e+02
3.96985e-02	2.23487e+02
3.96985e-02	1.96384e+02
3.96985e-02	3.86689e+01
3.96985e-02	2.27763e+01
3.96985e-02	-8.17354e-01
3.96985e-02	-9.99542e-01
4.03725e-02	-9.07783e-01
4.03725e-02	-4.87615e-01
4.03725e-02	6.76878e+00
4.03725e-02	5.28243e+01
4.03725e-02	1.53759e+02
4.03725e-02	2.72297e+02
4.03725e-02	2.82812e+02
4.03725e-02	2.93879e+02
4.03725e-02	2.97336e+02
4.03725e-02	3.00466e+02
4.03725e-02	3.01657e+02
4.03725e-02	3.04167e+02
4.03725e-02	3.05074e+02
4.03725e-02	3.05438e+02
4.03726e-02	3.05660e+02
4.07826e-02	3.03660e+02
4.09066e-02	3.03285e+02
4.09066e-02	3.03352e+02
4.09066e-02	3.02491e+02
4.09066e-02	3.00525e+02
4.09066e-02	2.96264e+02
4.09066e-02	2.86669e+02
4.09066e-02	2.79507e+02
4.09066e-02	2.72726e+02
4.09066e-02	2.66358e+02
4.09066e-02	2.63542e+02
4.09066e-02	2.60793e+02
4.09066e-02	2.58552e+02
4.09066e-02	2.55944e+02
4.09066e-02	2.52331e+02
4.09066e-02	1.23888e+02
4.09066e-02	1.38551e+01
4.09066e-02	-7.99168e-01
4.09066e-02	-9.65530e-01
4.18519e-02	-8.32214e-01
4.18519e-02	3.61716e+00
4.18519e-02	4.77841e+01
4.18519e-02	1.50372e+02
4.18519e-02	2.65874e+02
4.18519e-02	2.76421e+02
4.18519e-02	2.91382e+02
4.18519e-02	2.99398e+02
4.18519e-02	3.02976e+02
4.18519e-02	3.03969e+02
4.18519e-02	3.06539e+02
4.18519e-02	3.07027e+02
4.18519e-02	3.07293e+02
4.21082e-02	3.05717e+02
4.21082e-02	3.05865e+02
4.21082e-02	3.05490e+02
4.21083e-02	3.04906e+02
4.21083e-02	3.01489e+02
4.21083e-02	3.00221e+02
4.21083e-02	2.83062e+02
4.21083e-02	2.40717e+02
4.21083e-02	1.76721e+02
4.21083e-02	1.07240e+02
4.21083e-02	4.15988e+01
4.21083e-02	3.42678e+01
4.21083e-02	2.14490e+01
4.21083e-02	-7.28416e-01
4.21083e-02	-9.08609e-01
4.43215e-02	-4.57991e-01
4.45414e-02	-4.30060e-01
4.45415e-02	-5.90643e-01
4.47967e-02	-5.77998e-01
4.47967e-02	2.49157e-01
4.47967e-02	3.19970e-01
4.47967e-02	-1.05685e-01
4.47968e-02	-2.77475e-01
4.58748e-02	-1.71137e-01
4.58748e-02	-4.27953e-01
4.58748e-02	-3.60052e-01
4.58748e-02	-6.42782e-01
4.61301e-02	-5.12927e-01
4.61301e-02	1.46750e+00
4.61301e-02	1.76677e+00
4.61301e-02	1.47413e+00
4.61301e-02	4.10057e-01
4.61301e-02	1.10876e-01
4.61302e-02	-6.54273e-02
4.72077e-02	-1.11041e-01
4.72077e-02	-3.71553e-01
4.72077e-02	-2.88051e-01
4.72077e-02	-6.12142e-01
4.74643e-02	-4.82632e-01
4.74643e-02	-1.50524e-01
4.74643e-02	4.35999e-01
4.74643e-02	2.13697e+00
4.74643e-02	2.18490e+00
4.74643e-02	1.79723e+00
4.74643e-02	5.73894e-01
4.74643e-02	1.79992e-01
4.74644e-02	-1.13652e-02
4.84862e-02	-5.39834e-02
4.84862e-02	-3.48623e-01
4.84862e-02	-2.91872e-01
4.84862e-02	1.53228e+00
4.84862e-02	8.91491e+00
4.84862e-02	4.41782e+01
4.84862e-02	1.34154e+02
4.84862e-02	2.61761e+02
4.84862e-02	2.73747e+02
4.84862e-02	2.83842e+02
4.84862e-02	2.92237e+02
4.84862e-02	3.01713e+02
4.84862e-02	3.05935e+02
4.84862e-02	3.07069e+02
4.84862e-02	3.09066e+02
4.84862e-02	3.09712e+02
4.84862e-02	3.09909e+02
4.88312e-02	3.06955e+02
4.88860e-02	3.06604e+02
4.88860e-02	3.05326e+02
4.88860e-02	2.99718e+02
4.88860e-02	2.79965e+02
4.88860e-02	2.72827e+02
4.88860e-02	2.68077e+02
4.88860e-02	2.60916e+02
4.88860e-02	2.26494e+02
4.88860e-02	1.34837e+02
4.88860e-02	2.31803e+01
4.88860e-02	1.35580e+01
4.88860e-02	3.60356e+00
4.88860e-02	-7.19829e-01
4.88865e-02	-8.28954e-01
4.96985e-02	-7.45557e-01
4.96985e-02	6.65855e+00
4.96985e-02	3.87265e+01
4.96985e-02	1.23024e+02
4.96985e-02	2.47932e+02
4.96985e-02	2.63760e+02
4.96985e-02	2.75582e+02
4.96985e-02	2.95474e+02
4.96985e-02	3.03615e+02
4.96985e-02	3.05047e+02
4.96985e-02	3.07639e+02
4.96985e-02	3.08010e+02
4.96985e-02	3.08298e+02
4.96986e-02	3.08488e+02
5.00111e-02	3.06106e+02
5.03725e-02	3.04181e+02
5.03725e-02	3.01994e+02
5.03725e-02	2.94667e+02
5.03725e-02	2.84161e+02
5.03725e-02	2.74945e+02
5.03725e-02	2.68123e+02
5.03725e-02	2.64880e+02
5.03725e-02	2.61790e+02
5.03725e-02	2.59272e+02
5.03725e-02	2.56945e+02
5.03725e-02	1.68581e+02
5.03725e-02	4.00444e+01
5.03725e-02	2.75316e+01
5.03725e-02	7.15847e+00
5.03725e-02	-8.22641e-01
5.03727e-02	-9.47249e-01
5.09066e-02	-7.74365e-01
5.09066e-02	4.29382e+00
5.09066e-02	4.57497e+01
5.09066e-02	1.44856e+02
5.09066e-02	2.66211e+02
5.09066e-02	2.77647e+02
5.09066e-02	2.92878e+02
5.09066e-02	2.99293e+02
5.09066e-02	3.02231e+02
5.09066e-02	3.03140e+02
5.09066e-02	3.05611e+02
5.09066e-02	3.06191e+02
5.09066e-02	3.06476e+02
5.09074e-02	3.06583e+02
5.12517e-02	3.04569e+02
5.16393e-02	3.03013e+02
5.18499e-02	3.02491e+02
5.18499e-02	3.02183e+02
5.18499e-02	3.00940e+02
5.18499e-02	2.97060e+02
5.18499e-02	2.91942e+02
5.18499e-02	2.86360e+02
5.18499e-02	2.80012e+02
5.18499e-02	2.74771e+02
5.18499e-02	2.69016e+02
5.18499e-02	2.65191e+02
5.18499e-02	2.62388e+02
5.18499e-02	2.60242e+02
5.18499e-02	2.56224e+02
5.18499e-02	2.53946e+02
5.18499e-02	2.51075e+02
5.18499e-02	2.44528e+02
5.18499e-02	2.30695e+02
5.18499e-02	2.09162e+02
5.18499e-02	1.78961e+02
5.18499e-02	1.44738e+02
5.18499e-02	9.72225e+01
5.18499e-02	3.75342e+01
5.18499e-02	1.77742e+01
5.18499e-02	9.27510e+00
5.18499e-02	3.26608e+00
5.18499e-02	1.54522e+00
5.18499e-02	-3.16481e-01
5.18499e-02	-7.00179e-01
5.18500e-02	-9.37180e-01
5.21271e-02	-8.84023e-01
5.21271e-02	-1.34205e-01
5.21271e-02	1.73202e+01
5.21271e-02	8.76606e+01
5.21271e-02	2.12849e+02
5.21271e-02	2.29441e+02
5.21271e-02	2.57154e+02
5.21271e-02	2.76172e+02
5.21271e-02	2.88772e+02
5.21271e-02	2.95850e+02
5.21271e-02	2.97947e+02
5.21271e-02	2.98684e+02
5.21271e-02	2.99280e+02
5.21271e-02	3.03106e+02
5.21271e-02	3.03713e+02
5.21271e-02	3.04062e+02
5.21272e-02	3.04242e+02
5.25774e-02	3.02609e+02
5.31582e-02	3.01363e+02
5.32865e-02	3.01237e+02
5.32865e-02	3.01345e+02
5.32865e-02	3.01073e+02
5.32865e-02	2.99748e+02
5.32865e-02	2.95796e+02
5.32865e-02	2.90150e+02
5.32865e-02	2.84369e+02
5.32865e-02	2.78292e+02
5.32865e-02	2.71610e+02
5.32865e-02	2.64550e+02
5.32865e-02	2.61336e+02
5.32865e-02	2.59035e+02
5.32865e-02	2.54273e+02
5.32865e-02	2.47640e+02
5.32865e-02	2.34387e+02
5.32865e-02	2.10298e+02
5.32865e-02	1.75763e+02
5.32865e-02	1.33832e+02
5.32865e-02	9.48484e+01
5.32865e-02	3.62380e+01
5.32865e-02	1.67664e+01
5.32865e-02	8.31673e+00
5.32865e-02	2.29211e+00
5.32865e-02	8.09387e-01
5.32865e-02	-5.22258e-01
5.32865e-02	-7.78049e-01
5.32865e-02	-1.00143e+00
5.33761e-02	-1.00981e+00
5.33761e-02	3.00672e-01
5.33761e-02	2.69601e+01
5.33761e-02	1.13809e+02
5.33761e-02	2.41117e+02
5.33761e-02	2.55198e+02
5.33761e-02	2.75018e+02
5.33761e-02	2.86002e+02
5.33761e-02	2.92684e+02
5.33761e-02	2.94939e+02
5.33761e-02	2.95936e+02
5.33761e-02	2.96453e+02
5.33761e-02	2.97438e+02
5.33761e-02	3.00402e+02
5.33761e-02	3.01186e+02
5.33761e-02	3.01608e+02
5.33761e-02	3.01891e+02
5.41652e-02	3.00772e+02
5.46651e-02	3.00486e+02
5.46651e-02	3.00614e+02
5.46651e-02	3.00457e+02
5.46651e-02	2.99332e+02
5.46651e-02	2.96471e+02
5.46651e-02	2.91608e+02
5.46651e-02	2.86314e+02
5.46651e-02	2.80368e+02
5.46651e-02	2.71771e+02
5.46651e-02	2.64648e+02
5.46651e-02	2.61193e+02
5.46651e-02	2.58793e+02
5.46651e-02	2.56294e+02
5.46651e-02	2.53681e+02
5.46651e-02	2.45506e+02
5.46651e-02	2.31996e+02
5.46651e-02	2.04953e+02
5.46651e-02	1.68376e+02
5.46651e-02	1.29833e+02
5.46651e-02	1.15967e+02
5.46651e-02	9.82349e+01
5.46651e-02	6.62671e+01
5.46651e-02	2.98889e+01
5.46651e-02	1.45198e+01
5.46651e-02	6.64206e+00
5.46651e-02	1.79984e+00
5.46651e-02	-7.66436e-02
5.46651e-02	-8.27623e-01
5.46651e-02	-1.03116e+00
5.46688e-02	-1.04046e+00
5.46688e-02	4.62351e-01
5.46688e-02	2.59673e+01
5.46688e-02	1.11544e+02
5.46688e-02	2.40018e+02
5.46688e-02	2.54099e+02
5.46688e-02	2.72890e+02
5.46688e-02	2.84806e+02
5.46688e-02	2.91144e+02
5.46688e-02	2.93515e+02
5.46688e-02	2.94530e+02
5.46688e-02	2.95031e+02
5.46688e-02	2.96128e+02
5.46688e-02	2.98975e+02
5.46688e-02	2.99668e+02
5.46688e-02	3.00118e+02
5.46688e-02	3.00398e+02
5.59845e-02	3.00061e+02
5.59845e-02	3.00169e+02
5.59845e-02	2.99872e+02
5.59845e-02	2.98418e+02
5.59845e-02	2.94264e+02
5.59845e-02	2.88831e+02
5.59845e-02	2.82606e+02
5.59845e-02	2.76780e+02
5.59845e-02	2.69757e+02
5.59845e-02	2.63034e+02
5.59845e-02	2.59872e+02
5.59845e-02	2.57441e+02
5.59845e-02	2.52911e+02
5.59845e-02	2.49443e+02
5.59845e-02	2.41593e+02
5.59845e-02	2.27791e+02
5.59845e-02	2.03815e+02
5.59845e-02	1.70355e+02
5.59845e-02	1.36678e+02
5.59845e-02	8.54323e+01
5.59845e-02	3.80361e+01
5.59845e-02	1.84006e+01
5.59845e-02	9.09429e+00
5.59845e-02	2.50377e+00
5.59845e-02	7.45603e-01
5.59845e-02	-4.09868e-01
5.59845e-02	-7.47944e-01
5.59845e-02	-9.94548e-01
5.59849e-02	-1.10974e+00
5.60172e-02	-1.02923e+00
5.60172e-02	-4.11656e-01
5.60172e-02	4.20847e-01
5.60172e-02	9.84177e-01
5.60172e-02	3.49251e+00
5.60172e-02	8.39721e+00
5.60172e-02	1.19003e+01
5.60172e-02	1.67274e+01
5.60172e-02	2.09232e+01
5.60172e-02	1.36430e+02
5.60172e-02	2.54199e+02
5.60172e-02	2.66087e+02
5.60172e-02	2.81053e+02
5.60172e-02	2.89149e+02
5.60172e-02	2.92821e+02
5.60172e-02	2.94107e+02
5.60172e-02	2.94709e+02
5.60172e-02	2.95312e+02
5.60172e-02	2.99075e+02
5.60172e-02	2.99642e+02
5.60172e-02	3.00055e+02
5.60172e-02	3.00303e+02
5.72535e-02	3.00061e+02
5.72535e-02	2.99605e+02
5.72535e-02	2.97985e+02
5.72535e-02	2.93814e+02
5.72535e-02	2.88652e+02
5.72535e-02	2.82684e+02
5.72535e-02	2.76846e+02
5.72535e-02	2.71558e+02
5.72535e-02	2.66028e+02
5.72535e-02	2.62495e+02
5.72535e-02	2.59586e+02
5.72535e-02	2.57305e+02
5.72535e-02	2.53080e+02
5.72535e-02	2.49098e+02
5.72535e-02	2.40337e+02
5.72535e-02	2.25510e+02
5.72535e-02	1.99822e+02
5.72535e-02	1.65803e+02
5.72535e-02	1.30889e+02
5.72535e-02	7.92256e+01
5.72535e-02	3.76010e+01
5.72535e-02	1.87710e+01
5.72535e-02	9.36673e+00
5.72535e-02	2.64823e+00
5.72535e-02	8.47733e-01
5.72535e-02	-3.75067e-01
5.72535e-02	-7.36818e-01
5.72535e-02	-9.84175e-01
5.72537e-02	-1.11081e+00
5.74258e-02	-1.01717e+00
5.74258e-02	-3.69807e-01
5.74258e-02	5.93107e-01
5.74258e-02	1.09185e+00
5.74258e-02	2.37467e+00
5.74258e-02	1.16360e+02
5.74258e-02	2.44268e+02
5.74258e-02	2.58186e+02
5.74258e-02	2.77388e+02
5.74258e-02	2.87286e+02
5.74258e-02	2.92955e+02
5.74258e-02	2.94931e+02
5.74258e-02	2.95769e+02
5.74258e-02	2.96387e+02
5.74258e-02	3.00001e+02
5.74258e-02	3.00798e+02
5.74258e-02	3.01236e+02
5.74259e-02	3.01529e+02
5.83091e-02	3.00543e+02
5.84862e-02	3.00506e+02
5.84862e-02	3.00620e+02
5.84862e-02	3.00325e+02
5.84862e-02	2.98893e+02
5.84862e-02	2.94730e+02
5.84862e-02	2.88893e+02
5.84862e-02	2.82841e+02
5.84862e-02	2.76677e+02
5.84862e-02	2.68826e+02
5.84862e-02	2.62651e+02
5.84862e-02	2.59780e+02
5.84862e-02	2.57097e+02
5.84862e-02	2.52696e+02
5.84862e-02	2.50516e+02
5.84862e-02	2.47407e+02
5.84862e-02	9.18096e+01
5.84862e-02	7.18833e+01
5.84862e-02	5.30326e+01
5.84862e-02	3.74817e+01
5.84862e-02	2.46522e+01
5.84862e-02	1.57220e+01
5.84862e-02	6.57502e+00
5.84862e-02	1.21847e+00
5.84862e-02	-3.17078e-01
5.84862e-02	-8.31567e-01
5.84862e-02	-1.03017e+00
5.88860e-02	-9.58903e-01
5.88860e-02	-5.37787e-01
5.88860e-02	1.52282e+00
5.88860e-02	3.53473e+01
5.88860e-02	1.30036e+02
5.88860e-02	2.55358e+02
5.88860e-02	2.67990e+02
5.88860e-02	2.84135e+02
5.88860e-02	2.92126e+02
5.88860e-02	2.95397e+02
5.88860e-02	2.98316e+02
5.88860e-02	2.99387e+02
5.88860e-02	3.02401e+02
5.88860e-02	3.03028e+02
5.88860e-02	3.03392e+02
5.88861e-02	3.03592e+02
5.93873e-02	3.02082e+02
5.96985e-02	3.01530e+02
5.96985e-02	3.01605e+02
5.96985e-02	3.01445e+02
5.96985e-02	3.00721e+02
5.96985e-02	2.98519e+02
5.96985e-02	2.83039e+02
5.96985e-02	2.73265e+02
5.96985e-02	2.65989e+02
5.96985e-02	2.62618e+02
5.96985e-02	2.59242e+02
5.96985e-02	2.53904e+02
5.96985e-02	2.50970e+02
5.96985e-02	2.46517e+02
5.96985e-02	8.96299e+01
5.96985e-02	7.08084e+01
5.96985e-02	3.73622e+01
5.96985e-02	2.02608e+01
5.96985e-02	4.40968e+00
5.96985e-02	-9.30681e-01
5.96988e-02	-1.05640e+00
6.00000e-02	-9.67717e-01
