time	V(A,B)
0.000000000000000e+000	0.000000e+000	
3.86017e-04	-9.01221e-02
3.86024e-04	-2.08121e-01
3.86029e-04	-3.10399e-01
3.86029e-04	-2.21625e-01
3.86030e-04	2.55172e+01
3.86031e-04	9.79987e+01
3.86032e-04	2.02262e+02
3.86033e-04	2.90995e+02
3.86034e-04	2.97205e+02
3.86034e-04	3.02678e+02
3.86034e-04	3.04218e+02
3.86034e-04	3.05065e+02
3.86035e-04	3.05839e+02
3.86040e-04	3.09336e+02
3.86041e-04	3.09790e+02
3.86099e-04	3.09993e+02
5.41454e-04	3.08566e+02
5.41459e-04	3.08710e+02
5.41471e-04	3.08848e+02
5.41992e-04	3.08496e+02
5.58704e-04	3.08281e+02
7.96734e-04	3.06386e+02
7.96736e-04	3.05993e+02
7.96737e-04	3.05187e+02
7.96739e-04	3.03292e+02
7.96739e-04	3.03189e+02
7.96740e-04	3.03516e+02
7.96743e-04	3.06079e+02
7.96745e-04	3.06325e+02
7.96864e-04	3.06488e+02
8.81766e-04	3.06000e+02
8.81767e-04	3.06110e+02
8.81768e-04	3.05762e+02
8.81768e-04	3.04772e+02
8.81768e-04	3.02346e+02
8.81768e-04	2.99037e+02
8.81769e-04	2.89576e+02
8.81769e-04	2.81667e+02
8.81770e-04	2.73991e+02
8.81771e-04	2.68886e+02
8.81771e-04	2.66064e+02
8.81772e-04	2.63897e+02
8.81773e-04	2.59791e+02
8.81774e-04	2.56298e+02
8.81774e-04	2.50711e+02
8.81775e-04	2.39429e+02
8.81775e-04	2.16415e+02
8.81775e-04	1.83960e+02
8.81775e-04	1.51197e+02
8.81775e-04	1.08094e+02
8.81776e-04	3.99564e+01
8.81776e-04	1.93591e+01
8.81776e-04	1.08292e+01
8.81776e-04	6.48760e+00
8.81777e-04	3.70643e+00
8.81777e-04	2.18916e+00
8.81777e-04	1.13688e+00
8.81778e-04	-6.93175e-01
8.82035e-04	-8.26026e-01
1.85751e-03	-6.12318e-01
1.85753e-03	-3.42973e-01
1.85801e-03	-6.84728e-01
1.86622e-03	-8.20546e-01
1.86622e-03	-5.07188e+01
1.86622e-03	-1.35964e+02
1.86622e-03	-2.28534e+02
1.86622e-03	-2.95903e+02
1.86622e-03	-3.00419e+02
1.86623e-03	-3.04265e+02
1.86623e-03	-3.05374e+02
1.86623e-03	-3.06020e+02
1.86623e-03	-3.06760e+02
1.86623e-03	-3.10298e+02
1.86623e-03	-3.10564e+02
1.86642e-03	-3.10703e+02
2.18001e-03	-3.07879e+02
2.18001e-03	-3.08064e+02
2.18001e-03	-3.07857e+02
2.18001e-03	-3.07217e+02
2.18001e-03	-3.05462e+02
2.18001e-03	-3.02499e+02
2.18001e-03	-2.98587e+02
2.18001e-03	-2.94291e+02
2.18001e-03	-2.87869e+02
2.18001e-03	-2.79641e+02
2.18001e-03	-2.72466e+02
2.18001e-03	-2.69118e+02
2.18001e-03	-2.66973e+02
2.18001e-03	-2.60471e+02
2.18001e-03	-2.55685e+02
2.18002e-03	-2.46078e+02
2.18002e-03	-2.28087e+02
2.18002e-03	-2.00590e+02
2.18002e-03	-1.66798e+02
2.18002e-03	-1.31192e+02
2.18002e-03	-7.26652e+01
2.18002e-03	-3.76466e+01
2.18002e-03	-2.14643e+01
2.18002e-03	-1.27355e+01
2.18002e-03	-8.03798e+00
2.18002e-03	-5.54763e+00
2.18002e-03	-4.04485e+00
2.18002e-03	-2.82595e+00
2.18002e-03	-1.44167e+00
2.18002e-03	-1.05042e+00
2.18002e-03	-3.39087e-02
2.18044e-03	9.36899e-02
3.04014e-03	1.94452e-01
3.04014e-03	-1.55169e-01
3.04014e-03	-3.90002e+01
3.04015e-03	-1.26996e+02
3.04015e-03	-2.52755e+02
3.04015e-03	-2.66793e+02
3.04015e-03	-2.86672e+02
3.04015e-03	-2.95231e+02
3.04015e-03	-3.01049e+02
3.04015e-03	-3.03238e+02
3.04015e-03	-3.04033e+02
3.04015e-03	-3.04712e+02
3.04015e-03	-3.06789e+02
3.04015e-03	-3.08689e+02
3.04016e-03	-3.09039e+02
3.04020e-03	-3.09259e+02
3.20816e-03	-3.07847e+02
3.20817e-03	-3.08001e+02
3.46334e-03	-3.06208e+02
3.46334e-03	-3.05437e+02
3.46334e-03	-3.05380e+02
3.46335e-03	-3.05769e+02
3.46345e-03	-3.05935e+02
3.71936e-03	-3.04575e+02
3.71936e-03	-3.04661e+02
3.71936e-03	-3.04243e+02
3.71936e-03	-3.03004e+02
3.71936e-03	-3.00199e+02
3.71936e-03	-2.96727e+02
3.71936e-03	-2.86033e+02
3.71936e-03	-2.79467e+02
3.71936e-03	-2.72393e+02
3.71936e-03	-2.67609e+02
3.71936e-03	-2.64797e+02
3.71936e-03	-2.62698e+02
3.71937e-03	-2.56867e+02
3.71937e-03	-2.54850e+02
3.71937e-03	-2.50514e+02
3.71937e-03	-2.42032e+02
3.71937e-03	-2.24587e+02
3.71937e-03	-1.98559e+02
3.71937e-03	-1.66031e+02
3.71937e-03	-1.27027e+02
3.71937e-03	-7.22751e+01
3.71937e-03	-3.70959e+01
3.71937e-03	-2.03050e+01
3.71937e-03	-1.02728e+01
3.71937e-03	-2.13933e+00
3.71937e-03	6.11101e-01
3.72026e-03	7.19572e-01
4.21511e-03	6.46830e-01
4.21511e-03	-4.86001e+00
4.21511e-03	-4.66184e+01
4.21511e-03	-1.45366e+02
4.21511e-03	-2.66759e+02
4.21511e-03	-2.78220e+02
4.21511e-03	-2.91588e+02
4.21511e-03	-2.97590e+02
4.21511e-03	-3.00213e+02
4.21511e-03	-3.01188e+02
4.21511e-03	-3.01635e+02
4.21511e-03	-3.02439e+02
4.21512e-03	-3.05483e+02
4.21512e-03	-3.05953e+02
4.21512e-03	-3.06337e+02
4.21514e-03	-3.06605e+02
4.54157e-03	-3.04780e+02
4.54157e-03	-3.05106e+02
4.54158e-03	-3.05041e+02
4.54158e-03	-3.05271e+02
4.79663e-03	-3.04048e+02
4.79663e-03	-3.02827e+02
4.79663e-03	-3.02121e+02
4.79663e-03	-3.01769e+02
4.79663e-03	-3.02015e+02
4.79663e-03	-3.03087e+02
4.79664e-03	-3.03407e+02
4.79672e-03	-3.03586e+02
5.24517e-03	-3.02230e+02
5.24517e-03	-3.02370e+02
5.24517e-03	-3.02115e+02
5.24517e-03	-3.00892e+02
5.24517e-03	-2.97160e+02
5.24517e-03	-2.92009e+02
5.24517e-03	-2.86311e+02
5.24517e-03	-2.80185e+02
5.24517e-03	-2.73650e+02
5.24517e-03	-2.66178e+02
5.24517e-03	-2.62856e+02
5.24518e-03	-2.60615e+02
5.24518e-03	-2.56233e+02
5.24518e-03	-2.53869e+02
5.24518e-03	-2.50970e+02
5.24518e-03	-2.44350e+02
5.24518e-03	-2.30833e+02
5.24518e-03	-2.09740e+02
5.24518e-03	-1.79025e+02
5.24518e-03	-1.44305e+02
5.24518e-03	-9.79972e+01
5.24518e-03	-3.90200e+01
5.24518e-03	-1.87294e+01
5.24518e-03	-9.85737e+00
5.24518e-03	-3.13027e+00
5.24518e-03	-1.14922e+00
5.24518e-03	2.01690e-01
5.24518e-03	7.52652e-01
5.24519e-03	9.35043e-01
5.40447e-03	8.95980e-01
5.40447e-03	2.88529e-01
5.40447e-03	-3.62358e+00
5.40448e-03	-4.02931e+01
5.40448e-03	-1.34645e+02
5.40448e-03	-2.57471e+02
5.40448e-03	-2.69782e+02
5.40448e-03	-2.85216e+02
5.40448e-03	-2.93481e+02
5.40448e-03	-2.94131e+02
5.40448e-03	-2.94942e+02
5.40448e-03	-2.96060e+02
5.40448e-03	-2.97329e+02
5.40448e-03	-2.97938e+02
5.40448e-03	-2.98464e+02
5.40449e-03	-3.01794e+02
5.40449e-03	-3.02637e+02
5.40449e-03	-3.03064e+02
5.40452e-03	-3.03319e+02
5.87489e-03	-3.02044e+02
5.87489e-03	-3.02398e+02
5.87490e-03	-3.02277e+02
5.87490e-03	-3.02594e+02
6.12998e-03	-3.01957e+02
6.12998e-03	-3.01469e+02
6.12999e-03	-3.00093e+02
6.12999e-03	-2.99004e+02
6.12999e-03	-2.98900e+02
6.12999e-03	-2.99237e+02
6.12999e-03	-3.01077e+02
6.12999e-03	-3.01337e+02
6.13011e-03	-3.01501e+02
6.92236e-03	-3.00577e+02
7.20812e-03	-3.00487e+02
7.20812e-03	-3.00739e+02
7.20813e-03	-3.00635e+02
7.20813e-03	-3.01005e+02
7.22135e-03	-3.00894e+02
7.44205e-03	-3.00626e+02
7.45317e-03	-3.00152e+02
7.46001e-03	-2.99870e+02
7.46340e-03	-2.99955e+02
7.46340e-03	-2.99575e+02
7.46340e-03	-2.98859e+02
7.46341e-03	-2.96917e+02
7.46341e-03	-2.96786e+02
7.46341e-03	-2.97097e+02
7.46341e-03	-2.99682e+02
7.46341e-03	-3.00054e+02
7.46348e-03	-3.00259e+02
8.52418e-03	-3.00084e+02
8.52418e-03	-3.00334e+02
8.52419e-03	-3.00263e+02
8.52419e-03	-3.00577e+02
8.52491e-03	-3.00367e+02
8.53289e-03	-3.00072e+02
8.53289e-03	-2.98260e+02
8.53289e-03	-2.52929e+02
8.53289e-03	-1.67493e+02
8.53289e-03	-5.95499e+01
8.53289e-03	-2.74463e+00
8.53289e-03	-1.87085e+00
8.53289e-03	3.61203e+00
8.53289e-03	6.26739e+00
8.53289e-03	7.22421e+00
8.53290e-03	9.59232e+00
8.53290e-03	9.82712e+00
8.53298e-03	1.00137e+01
8.82876e-03	7.37974e+00
8.84667e-03	7.26028e+00
8.84667e-03	4.88251e+00
8.84667e-03	-2.71304e+00
8.84667e-03	-1.32844e+01
8.84668e-03	-2.23539e+01
8.84668e-03	-2.91887e+01
8.84668e-03	-3.31158e+01
8.84668e-03	-3.67116e+01
8.84668e-03	-6.05300e+01
8.84668e-03	-1.38490e+02
8.84668e-03	-2.60543e+02
8.84668e-03	-2.74294e+02
8.84668e-03	-2.91787e+02
8.84668e-03	-2.99474e+02
8.84668e-03	-3.00635e+02
8.85751e-03	-3.00736e+02
9.70681e-03	-3.00621e+02
9.70681e-03	-2.92287e+02
9.70681e-03	-2.52450e+02
9.70681e-03	-1.57238e+02
9.70681e-03	-3.49607e+01
9.70681e-03	-2.28628e+01
9.70681e-03	-7.79678e+00
9.70681e-03	-1.33221e+00
9.70681e-03	2.06964e+00
9.70681e-03	3.38117e+00
9.70681e-03	4.02914e+00
9.70681e-03	5.66382e+00
9.70682e-03	8.16397e+00
9.70682e-03	8.67117e+00
9.70685e-03	8.90219e+00
1.00483e-02	6.28552e+00
1.03860e-02	4.47382e+00
1.03860e-02	3.58167e+00
1.03860e-02	-1.18091e+00
1.03860e-02	-1.06499e+01
1.03860e-02	-2.08542e+01
1.03860e-02	-2.85150e+01
1.03860e-02	-3.37557e+01
1.03860e-02	-3.77384e+01
1.03860e-02	-4.73742e+01
1.03860e-02	-1.00682e+02
1.03860e-02	-2.23299e+02
1.03860e-02	-2.43261e+02
1.03860e-02	-2.51586e+02
1.03860e-02	-2.59368e+02
1.03860e-02	-2.72255e+02
1.03860e-02	-2.83780e+02
1.03860e-02	-2.91826e+02
1.03860e-02	-2.95559e+02
1.03860e-02	-2.97550e+02
1.03860e-02	-2.99128e+02
1.03860e-02	-3.00299e+02
1.03860e-02	-3.00693e+02
1.03865e-02	-3.00807e+02
1.06566e-02	-3.00801e+02
1.06566e-02	-3.00930e+02
1.06566e-02	-3.00801e+02
1.06566e-02	-2.99770e+02
1.06566e-02	-2.97047e+02
1.06566e-02	-2.92340e+02
1.06566e-02	-2.81059e+02
1.06566e-02	-2.73948e+02
1.06566e-02	-2.66349e+02
1.06566e-02	-2.62002e+02
1.06566e-02	-2.59442e+02
1.06566e-02	-2.54192e+02
1.06566e-02	-2.45741e+02
1.06566e-02	-2.29522e+02
1.06566e-02	-1.97102e+02
1.06566e-02	-1.56899e+02
1.06566e-02	-1.17602e+02
1.06566e-02	-6.91791e+01
1.06566e-02	-3.55157e+01
1.06566e-02	-1.85770e+01
1.06566e-02	-9.46408e+00
1.06566e-02	-3.24349e+00
1.06566e-02	-1.54374e+00
1.06566e-02	-4.39381e-01
1.06566e-02	-1.16889e-01
1.06566e-02	1.39188e-01
1.06794e-02	2.10910e-01
1.06794e-02	-3.57001e-01
1.06794e-02	-1.32770e+00
1.06794e-02	-2.10008e+01
1.06794e-02	-9.71438e+01
1.06794e-02	-2.26695e+02
1.06794e-02	-2.42280e+02
1.06794e-02	-2.64637e+02
1.06794e-02	-2.80171e+02
1.06794e-02	-2.89602e+02
1.06794e-02	-2.93182e+02
1.06794e-02	-2.94585e+02
1.06794e-02	-2.95358e+02
1.06794e-02	-2.96092e+02
1.06794e-02	-2.99352e+02
1.06794e-02	-3.00123e+02
1.06794e-02	-3.00588e+02
1.06795e-02	-3.00899e+02
1.08818e-02	-3.00798e+02
1.08818e-02	-2.95340e+02
1.08818e-02	-2.66508e+02
1.08818e-02	-1.88657e+02
1.08818e-02	-4.92915e+01
1.08818e-02	-2.50888e+01
1.08818e-02	-1.16626e+01
1.08818e-02	-2.17093e+00
1.08818e-02	1.95554e+00
1.08818e-02	2.97806e+00
1.08818e-02	5.63428e+00
1.08818e-02	6.12115e+00
1.08818e-02	6.39746e+00
1.13436e-02	4.03021e+00
1.18379e-02	2.41782e+00
1.18604e-02	2.30045e+00
1.18604e-02	2.60394e+00
1.18604e-02	3.88852e+00
1.18604e-02	7.41602e+00
1.18604e-02	1.27550e+01
1.18604e-02	1.89458e+01
1.18604e-02	2.55014e+01
1.18604e-02	3.01296e+01
1.18604e-02	3.46545e+01
1.18604e-02	3.94811e+01
1.18604e-02	4.26274e+01
1.18604e-02	4.47977e+01
1.18604e-02	4.68670e+01
1.18604e-02	4.98044e+01
1.18604e-02	6.01918e+01
1.18604e-02	7.68818e+01
1.18604e-02	1.13031e+02
1.18604e-02	1.47940e+02
1.18604e-02	2.80850e+02
1.18604e-02	2.92448e+02
1.18604e-02	3.03218e+02
1.18604e-02	3.03388e+02
1.19118e-02	3.03312e+02
1.19118e-02	3.03442e+02
1.19118e-02	3.03350e+02
1.19118e-02	3.02593e+02
1.19118e-02	3.00543e+02
1.19118e-02	2.96722e+02
1.19118e-02	2.86749e+02
1.19118e-02	2.80030e+02
1.19118e-02	2.72575e+02
1.19118e-02	2.66055e+02
1.19118e-02	2.63110e+02
1.19118e-02	2.60811e+02
1.19118e-02	2.56102e+02
1.19118e-02	2.50678e+02
1.19118e-02	2.40230e+02
1.19118e-02	2.20463e+02
1.19118e-02	1.90903e+02
1.19118e-02	1.54824e+02
1.19118e-02	1.17750e+02
1.19118e-02	5.37893e+01
1.19118e-02	2.69116e+01
1.19118e-02	1.47834e+01
1.19118e-02	7.22565e+00
1.19118e-02	3.18403e+00
1.19118e-02	1.60160e+00
1.19118e-02	6.71495e-01
1.19118e-02	2.88096e-01
1.19119e-02	1.09554e-01
1.20711e-02	6.46288e-02
1.20711e-02	7.07473e-01
1.20711e-02	4.83527e+00
1.20711e-02	4.87716e+01
1.20711e-02	1.53324e+02
1.20711e-02	2.71485e+02
1.20711e-02	2.81458e+02
1.20711e-02	2.91906e+02
1.20711e-02	2.96401e+02
1.20711e-02	2.97986e+02
1.20711e-02	2.98735e+02
1.20711e-02	2.99339e+02
1.20712e-02	3.02784e+02
1.20712e-02	3.03633e+02
1.20712e-02	3.04060e+02
1.20712e-02	3.04328e+02
1.21800e-02	3.03910e+02
1.21800e-02	3.02864e+02
1.21800e-02	2.81870e+02
1.21800e-02	2.04184e+02
1.21800e-02	7.55209e+01
1.21800e-02	5.98118e+01
1.21800e-02	3.58025e+01
1.21800e-02	2.17340e+01
1.21800e-02	1.17969e+01
1.21800e-02	6.65436e+00
1.21800e-02	5.35547e+00
1.21800e-02	4.46903e+00
1.21800e-02	1.54483e+00
1.21800e-02	8.87817e-01
1.21800e-02	5.06134e-01
1.21801e-02	2.75299e-01
1.30401e-02	6.57654e-02
1.30401e-02	-1.30005e-02
1.30401e-02	6.83075e-01
1.30401e-02	5.10007e+00
1.30401e-02	1.44583e+01
1.30401e-02	2.49566e+01
1.30401e-02	3.36556e+01
1.30401e-02	3.80670e+01
1.30401e-02	4.18203e+01
1.30401e-02	4.49505e+01
1.30401e-02	4.78933e+01
1.30401e-02	1.69854e+02
1.30401e-02	2.86314e+02
1.30401e-02	2.98102e+02
1.30401e-02	3.02078e+02
1.30406e-02	3.02195e+02
1.37194e-02	3.01360e+02
1.37194e-02	3.01091e+02
1.37194e-02	2.92422e+02
1.37194e-02	2.38935e+02
1.37194e-02	1.31187e+02
1.37194e-02	2.02603e+01
1.37194e-02	1.06050e+01
1.37194e-02	2.91650e+00
1.37194e-02	-4.95331e-01
1.37194e-02	-1.43189e+00
1.37194e-02	-3.88919e+00
1.37194e-02	-4.51459e+00
1.37194e-02	-4.82861e+00
1.37195e-02	-4.98651e+00
1.41470e-02	-3.20737e+00
1.42151e-02	-2.96909e+00
1.42151e-02	-4.29138e-01
1.42151e-02	7.36853e+00
1.42151e-02	1.79707e+01
1.42151e-02	2.69906e+01
1.42151e-02	3.37631e+01
1.42151e-02	3.80604e+01
1.42151e-02	4.68073e+01
1.42151e-02	9.79795e+01
1.42151e-02	2.19719e+02
1.42151e-02	2.37612e+02
1.42151e-02	2.69691e+02
1.42151e-02	2.80338e+02
1.42151e-02	3.00996e+02
1.42151e-02	3.01169e+02
1.62218e-02	3.00536e+02
1.65415e-02	3.00563e+02
1.67967e-02	3.00448e+02
1.67967e-02	3.00250e+02
1.67972e-02	3.00362e+02
1.73232e-02	3.00225e+02
1.73232e-02	2.99769e+02
1.73232e-02	2.98139e+02
1.73232e-02	2.93963e+02
1.73232e-02	2.88775e+02
1.73232e-02	2.82787e+02
1.73232e-02	2.76972e+02
1.73232e-02	2.71683e+02
1.73232e-02	2.66156e+02
1.73232e-02	2.62609e+02
1.73232e-02	2.59662e+02
1.73232e-02	2.57324e+02
1.73232e-02	2.53157e+02
1.73232e-02	2.49961e+02
1.73232e-02	2.42780e+02
1.73232e-02	2.30503e+02
1.73232e-02	2.07649e+02
1.73232e-02	1.75394e+02
1.73232e-02	1.41548e+02
1.73232e-02	9.52697e+01
1.73232e-02	3.85128e+01
1.73232e-02	1.79883e+01
1.73232e-02	8.86406e+00
1.73232e-02	2.51828e+00
1.73232e-02	8.31973e-01
1.73232e-02	-1.99086e-01
1.73232e-02	-5.23040e-01
1.73232e-02	-7.34419e-01
1.73461e-02	-8.05131e-01
1.73461e-02	-2.68979e-01
1.73461e-02	7.18417e-01
1.73461e-02	1.70019e+01
1.73461e-02	8.69398e+01
1.73461e-02	2.15182e+02
1.73461e-02	2.31574e+02
1.73461e-02	2.56515e+02
1.73461e-02	2.74840e+02
1.73461e-02	2.86922e+02
1.73461e-02	2.92454e+02
1.73461e-02	2.93993e+02
1.73461e-02	2.94726e+02
1.73461e-02	2.95468e+02
1.73461e-02	2.98732e+02
1.73461e-02	2.99516e+02
1.73461e-02	2.99990e+02
1.73461e-02	3.00303e+02
1.78749e-02	3.00209e+02
1.78749e-02	3.00489e+02
1.78749e-02	3.00424e+02
1.78749e-02	3.00647e+02
1.81300e-02	3.00497e+02
1.81300e-02	3.00261e+02
1.81300e-02	2.99121e+02
1.81300e-02	2.98445e+02
1.81300e-02	2.98690e+02
1.81300e-02	2.99600e+02
1.81300e-02	2.99901e+02
1.81301e-02	3.00077e+02
1.85271e-02	2.99998e+02
1.85271e-02	2.99492e+02
1.85271e-02	2.97706e+02
1.85271e-02	2.93409e+02
1.85271e-02	2.87950e+02
1.85271e-02	2.81969e+02
1.85271e-02	2.76514e+02
1.85271e-02	2.71750e+02
1.85271e-02	2.67768e+02
1.85271e-02	2.64651e+02
1.85271e-02	2.62123e+02
1.85271e-02	2.60073e+02
1.85271e-02	2.58033e+02
1.85271e-02	2.52407e+02
1.85271e-02	2.50659e+02
1.85271e-02	2.48389e+02
1.85271e-02	7.78482e+01
1.85271e-02	4.20606e+01
1.85271e-02	2.27978e+01
1.85271e-02	-8.00429e-01
1.85271e-02	-9.77030e-01
1.88467e-02	-9.03061e-01
1.88467e-02	1.43940e-01
1.88467e-02	1.99732e+01
1.88467e-02	9.54445e+01
1.88467e-02	2.23431e+02
1.88467e-02	2.40386e+02
1.88467e-02	2.53602e+02
1.88467e-02	2.65214e+02
1.88467e-02	2.72130e+02
1.88467e-02	2.90995e+02
1.88467e-02	2.97491e+02
1.88467e-02	2.98671e+02
1.88467e-02	3.01283e+02
1.88467e-02	3.02046e+02
1.88467e-02	3.02452e+02
1.88467e-02	3.02718e+02
1.92082e-02	3.01913e+02
1.92082e-02	3.02239e+02
1.92082e-02	3.02137e+02
1.92082e-02	3.02436e+02
1.94633e-02	3.01845e+02
1.94633e-02	3.01434e+02
1.94633e-02	2.99953e+02
1.94633e-02	2.99087e+02
1.94633e-02	2.99333e+02
1.94633e-02	3.00519e+02
1.94633e-02	3.00957e+02
1.94633e-02	3.01232e+02
1.94635e-02	3.01379e+02
1.97068e-02	3.01104e+02
1.97068e-02	3.01244e+02
1.97068e-02	3.01085e+02
1.97068e-02	3.00003e+02
1.97068e-02	2.97192e+02
1.97068e-02	2.92532e+02
1.97068e-02	2.87215e+02
1.97068e-02	2.81377e+02
1.97068e-02	2.73226e+02
1.97068e-02	2.65860e+02
1.97068e-02	2.62183e+02
1.97068e-02	2.59808e+02
1.97068e-02	2.55117e+02
1.97068e-02	2.51021e+02
1.97068e-02	2.44231e+02
1.97068e-02	2.33938e+02
1.97068e-02	6.77064e+01
1.97068e-02	4.97699e+01
1.97068e-02	2.96012e+01
1.97068e-02	-8.30160e-01
1.97068e-02	-1.00028e+00
2.03860e-02	-8.79487e-01
2.03860e-02	-4.10014e-01
2.03860e-02	6.64351e+00
2.03860e-02	4.86543e+01
2.03860e-02	1.44217e+02
2.03860e-02	2.65493e+02
2.03860e-02	2.78640e+02
2.03860e-02	2.94155e+02
2.03860e-02	3.00559e+02
2.03860e-02	3.01764e+02
2.03860e-02	3.04238e+02
2.03860e-02	3.04965e+02
2.03860e-02	3.05298e+02
2.03861e-02	3.05475e+02
2.05414e-02	3.04712e+02
2.05414e-02	3.04982e+02
2.05414e-02	3.04922e+02
2.05414e-02	3.05267e+02
2.07967e-02	3.04016e+02
2.07967e-02	3.03620e+02
2.07967e-02	3.03074e+02
2.07967e-02	3.01514e+02
2.07967e-02	3.01194e+02
2.07967e-02	3.01506e+02
2.07967e-02	3.02808e+02
2.07967e-02	3.03176e+02
2.07967e-02	3.03404e+02
2.07971e-02	3.03526e+02
2.08818e-02	3.03257e+02
2.08818e-02	3.03336e+02
2.08818e-02	3.01915e+02
2.08818e-02	2.95910e+02
2.08818e-02	2.85795e+02
2.08818e-02	2.75907e+02
2.08818e-02	2.68230e+02
2.08818e-02	2.64645e+02
2.08818e-02	2.61037e+02
2.08818e-02	2.58348e+02
2.08818e-02	2.55861e+02
2.08818e-02	1.52514e+02
2.08818e-02	2.63209e+01
2.08818e-02	6.07619e+00
2.08818e-02	-8.73760e-01
2.08824e-02	-9.85288e-01
2.18575e-02	-7.23146e-01
2.18575e-02	-4.34182e-01
2.18575e-02	-5.15964e-01
2.18575e-02	-1.74980e-01
2.18582e-02	-3.04005e-01
2.18662e-02	-2.94891e-01
2.18662e-02	-3.97659e+01
2.18662e-02	-1.21856e+02
2.18662e-02	-2.19224e+02
2.18662e-02	-2.94320e+02
2.18662e-02	-2.98667e+02
2.18662e-02	-3.04758e+02
2.18662e-02	-3.07096e+02
2.18662e-02	-3.08018e+02
2.18662e-02	-3.10347e+02
2.18662e-02	-3.10584e+02
2.18663e-02	-3.10774e+02
2.21800e-02	-3.07959e+02
2.21800e-02	-3.08037e+02
2.21800e-02	-3.06881e+02
2.21800e-02	-3.01436e+02
2.21800e-02	-2.81535e+02
2.21800e-02	-2.73711e+02
2.21800e-02	-2.70135e+02
2.21800e-02	-2.66786e+02
2.21800e-02	-2.64333e+02
2.21800e-02	-2.61968e+02
2.21800e-02	-2.58902e+02
2.21800e-02	-2.54184e+02
2.21800e-02	-2.44399e+02
2.21800e-02	-2.24750e+02
2.21800e-02	-2.21697e+02
2.21800e-02	-6.57305e+01
2.21800e-02	-4.95270e+01
2.21800e-02	-3.58075e+01
2.21800e-02	-2.58966e+01
2.21800e-02	-1.75585e+01
2.21800e-02	-5.98682e+00
2.21800e-02	-2.34782e-01
2.21800e-02	-4.71035e-02
2.21806e-02	6.31078e-02
2.30401e-02	1.11437e-01
2.30401e-02	-3.51679e+00
2.30401e-02	-2.45136e+01
2.30401e-02	-9.15234e+01
2.30401e-02	-2.11858e+02
2.30401e-02	-2.29141e+02
2.30401e-02	-2.33335e+02
2.30401e-02	-2.48289e+02
2.30401e-02	-2.62415e+02
2.30401e-02	-2.74150e+02
2.30401e-02	-2.95700e+02
2.30401e-02	-3.04494e+02
2.30401e-02	-3.06000e+02
2.30402e-02	-3.08628e+02
2.30402e-02	-3.09164e+02
2.30402e-02	-3.09396e+02
2.32082e-02	-3.08080e+02
2.34633e-02	-3.06224e+02
2.34633e-02	-3.06025e+02
2.34639e-02	-3.06133e+02
2.37194e-02	-3.04716e+02
2.37194e-02	-3.03354e+02
2.37194e-02	-2.97569e+02
2.37194e-02	-2.77787e+02
2.37194e-02	-2.70672e+02
2.37194e-02	-2.65808e+02
2.37194e-02	-2.62030e+02
2.37194e-02	-2.50185e+02
2.37194e-02	-1.92110e+02
2.37194e-02	-6.66509e+01
2.37194e-02	-4.98342e+01
2.37194e-02	-3.61517e+01
2.37194e-02	-2.49102e+01
2.37194e-02	-1.62837e+01
2.37194e-02	-1.46906e+01
2.37194e-02	-1.28724e+01
2.37194e-02	3.78974e-01
2.37194e-02	5.46325e-01
2.42151e-02	6.31142e-01
2.42151e-02	1.00515e-01
2.42151e-02	-6.52357e+00
2.42151e-02	-4.49044e+01
2.42151e-02	-1.36401e+02
2.42151e-02	-2.59393e+02
2.42151e-02	-2.72231e+02
2.42151e-02	-2.90579e+02
2.42151e-02	-2.98714e+02
2.42151e-02	-3.02317e+02
2.42151e-02	-3.03290e+02
2.42151e-02	-3.05827e+02
2.42151e-02	-3.06352e+02
2.42151e-02	-3.06645e+02
2.42154e-02	-3.06764e+02
2.45416e-02	-3.04827e+02
2.45416e-02	-3.05126e+02
2.45416e-02	-3.05110e+02
2.45416e-02	-3.05284e+02
2.47966e-02	-3.04087e+02
2.47966e-02	-3.03903e+02
2.47966e-02	-3.02285e+02
2.47966e-02	-3.02189e+02
2.47966e-02	-3.03070e+02
2.47966e-02	-3.03450e+02
2.47967e-02	-3.03637e+02
2.52452e-02	-3.02272e+02
2.52452e-02	-3.02328e+02
2.52452e-02	-3.02017e+02
2.52452e-02	-3.00784e+02
2.52452e-02	-2.97210e+02
2.52452e-02	-2.92422e+02
2.52452e-02	-2.86840e+02
2.52452e-02	-2.80522e+02
2.52452e-02	-2.75089e+02
2.52452e-02	-2.69966e+02
2.52452e-02	-2.65972e+02
2.52452e-02	-2.62806e+02
2.52452e-02	-2.60578e+02
2.52452e-02	-2.54596e+02
2.52452e-02	-2.52607e+02
2.52452e-02	-2.48350e+02
2.52452e-02	-2.39965e+02
2.52452e-02	-2.22526e+02
2.52452e-02	-1.96214e+02
2.52452e-02	-1.63451e+02
2.52452e-02	-1.23984e+02
2.52452e-02	-6.95349e+01
2.52452e-02	-3.53019e+01
2.52452e-02	-1.87681e+01
2.52452e-02	-9.89748e+00
2.52452e-02	-3.61960e+00
2.52452e-02	-1.81593e+00
2.52452e-02	-2.20282e-02
2.52452e-02	5.80120e-01
2.52452e-02	8.32730e-01
2.52455e-02	9.53945e-01
2.54045e-02	9.02242e-01
2.54045e-02	2.82990e-01
2.54045e-02	-3.58847e+00
2.54045e-02	-4.64660e+01
2.54045e-02	-1.50143e+02
2.54045e-02	-2.69218e+02
2.54045e-02	-2.79455e+02
2.54045e-02	-2.90360e+02
2.54045e-02	-2.95252e+02
2.54045e-02	-2.96954e+02
2.54045e-02	-2.97866e+02
2.54045e-02	-2.98571e+02
2.54045e-02	-3.02053e+02
2.54045e-02	-3.02753e+02
2.54045e-02	-3.03141e+02
2.54045e-02	-3.03370e+02
2.58749e-02	-3.02065e+02
2.58749e-02	-3.02375e+02
2.58749e-02	-3.02320e+02
2.58749e-02	-3.02620e+02
2.61300e-02	-3.02025e+02
2.61300e-02	-3.01691e+02
2.61300e-02	-3.01114e+02
2.61300e-02	-2.99453e+02
2.61300e-02	-2.99431e+02
2.61300e-02	-2.99831e+02
2.61300e-02	-3.00991e+02
2.61300e-02	-3.01330e+02
2.61301e-02	-3.01513e+02
2.69365e-02	-3.00572e+02
2.72081e-02	-3.00411e+02
2.72081e-02	-3.00742e+02
2.72081e-02	-3.00633e+02
2.72081e-02	-3.01005e+02
2.74634e-02	-3.00734e+02
2.74634e-02	-3.00400e+02
2.74634e-02	-2.99897e+02
2.74634e-02	-2.98336e+02
2.74634e-02	-2.97928e+02
2.74634e-02	-2.98169e+02
2.74634e-02	-2.99476e+02
2.74634e-02	-2.99880e+02
2.74634e-02	-3.00131e+02
2.74636e-02	-3.00263e+02
2.85242e-02	-3.00039e+02
2.85242e-02	-3.00329e+02
2.85242e-02	-3.00316e+02
2.85242e-02	-3.00605e+02
2.85246e-02	-3.00459e+02
2.85329e-02	-3.00466e+02
2.85329e-02	-2.68742e+02
2.85329e-02	-1.92467e+02
2.85329e-02	-9.38411e+01
2.85329e-02	-8.70206e+00
2.85329e-02	1.40530e+00
2.85329e-02	5.87195e+00
2.85329e-02	7.03003e+00
2.85329e-02	9.04184e+00
2.85329e-02	9.71960e+00
2.85329e-02	9.91913e+00
2.88467e-02	7.26749e+00
2.88467e-02	7.30896e+00
2.88467e-02	5.46530e+00
2.88467e-02	-1.32294e+00
2.88467e-02	-1.16889e+01
2.88467e-02	-2.11247e+01
2.88467e-02	-2.81319e+01
2.88467e-02	-3.12853e+01
2.88467e-02	-3.42214e+01
2.88467e-02	-3.64990e+01
2.88467e-02	-4.07773e+01
2.88467e-02	-1.41985e+02
2.88467e-02	-2.63104e+02
2.88467e-02	-2.76158e+02
2.88467e-02	-2.78483e+02
2.88467e-02	-2.93158e+02
2.88467e-02	-3.00585e+02
2.88467e-02	-3.00737e+02
2.97068e-02	-3.00619e+02
2.97068e-02	-2.99193e+02
2.97068e-02	-2.90976e+02
2.97068e-02	-2.47434e+02
2.97068e-02	-1.49101e+02
2.97068e-02	-2.73127e+01
2.97068e-02	-2.56527e+01
2.97068e-02	-2.28945e+01
2.97068e-02	-1.80659e+01
2.97068e-02	-1.08160e+01
2.97068e-02	-1.98315e+00
2.97068e-02	2.12991e+00
2.97068e-02	3.37555e+00
2.97068e-02	4.00586e+00
2.97068e-02	4.55878e+00
2.97068e-02	7.72757e+00
2.97068e-02	8.55667e+00
2.97068e-02	8.80887e+00
2.97071e-02	8.93607e+00
3.00007e-02	6.59940e+00
3.03751e-02	4.48328e+00
3.03860e-02	4.44940e+00
3.03860e-02	4.33838e+00
3.03860e-02	1.73578e+00
3.03860e-02	-6.07352e+00
3.03860e-02	-1.66095e+01
3.03860e-02	-2.54962e+01
3.03860e-02	-3.20714e+01
3.03860e-02	-3.59299e+01
3.03860e-02	-3.95201e+01
3.03860e-02	-6.51078e+01
3.03860e-02	-1.46259e+02
3.03860e-02	-2.71971e+02
3.03860e-02	-2.92413e+02
3.03860e-02	-3.00679e+02
3.03862e-02	-3.00807e+02
3.06566e-02	-3.00803e+02
3.06566e-02	-3.00906e+02
3.06566e-02	-3.00590e+02
3.06566e-02	-2.99092e+02
3.06566e-02	-2.94923e+02
3.06566e-02	-2.89586e+02
3.06566e-02	-2.83336e+02
3.06566e-02	-2.77531e+02
3.06566e-02	-2.70485e+02
3.06566e-02	-2.63749e+02
3.06566e-02	-2.60575e+02
3.06566e-02	-2.58089e+02
3.06566e-02	-2.53546e+02
3.06566e-02	-2.50988e+02
3.06566e-02	-2.45454e+02
3.06566e-02	-2.35106e+02
3.06566e-02	-2.15073e+02
3.06566e-02	-1.83643e+02
3.06566e-02	-1.51320e+02
3.06566e-02	-1.06380e+02
3.06566e-02	-4.48269e+01
3.06566e-02	-3.58089e+01
3.06566e-02	-2.23364e+01
3.06566e-02	-1.27585e+01
3.06566e-02	-5.31395e+00
3.06566e-02	-2.81941e+00
3.06566e-02	-8.23943e-01
3.06566e-02	-7.00699e-02
3.06566e-02	1.62437e-01
3.06794e-02	2.10935e-01
3.06794e-02	-3.26343e-01
3.06794e-02	-1.32327e+00
3.06794e-02	-2.17934e+01
3.06794e-02	-9.95011e+01
3.06794e-02	-2.29633e+02
3.06794e-02	-2.45007e+02
3.06794e-02	-2.66539e+02
3.06794e-02	-2.81484e+02
3.06794e-02	-2.90144e+02
3.06794e-02	-2.93391e+02
3.06794e-02	-2.94705e+02
3.06794e-02	-2.95408e+02
3.06794e-02	-2.96120e+02
3.06794e-02	-2.99383e+02
3.06794e-02	-3.00137e+02
3.06794e-02	-3.00588e+02
3.06794e-02	-3.00897e+02
3.08818e-02	-3.00906e+02
3.08818e-02	-3.00687e+02
3.08818e-02	-2.95439e+02
3.08818e-02	-2.62766e+02
3.08818e-02	-1.78158e+02
3.08818e-02	-5.24559e+01
3.08818e-02	-3.91256e+01
3.08818e-02	-2.74740e+01
3.08818e-02	-1.75511e+01
3.08818e-02	-3.96494e+00
3.08818e-02	1.73001e+00
3.08818e-02	2.89557e+00
3.08818e-02	5.38388e+00
3.08818e-02	5.83276e+00
3.08818e-02	6.17166e+00
3.08818e-02	6.43378e+00
3.12084e-02	4.63415e+00
3.16422e-02	2.96277e+00
3.18604e-02	2.29514e+00
3.18604e-02	2.25784e+00
3.18604e-02	2.60626e+00
3.18604e-02	4.05414e+00
3.18604e-02	8.02231e+00
3.18604e-02	1.39690e+01
3.18604e-02	2.00939e+01
3.18604e-02	2.63162e+01
3.18604e-02	3.16101e+01
3.18604e-02	3.79198e+01
3.18604e-02	4.13683e+01
3.18604e-02	4.38725e+01
3.18604e-02	4.86053e+01
3.18604e-02	5.32917e+01
3.18604e-02	6.16737e+01
3.18604e-02	7.72532e+01
3.18604e-02	1.04317e+02
3.18604e-02	1.38236e+02
3.18604e-02	1.73197e+02
3.18604e-02	2.27357e+02
3.18604e-02	2.66382e+02
3.18604e-02	2.84349e+02
3.18604e-02	2.93503e+02
3.18604e-02	2.99851e+02
3.18604e-02	3.01447e+02
3.18604e-02	3.02685e+02
3.18604e-02	3.03138e+02
3.18604e-02	3.03331e+02
3.19118e-02	3.03313e+02
3.19118e-02	3.03431e+02
3.19118e-02	3.03235e+02
3.19118e-02	3.02191e+02
3.19118e-02	2.99236e+02
3.19118e-02	2.94725e+02
3.19118e-02	2.88481e+02
3.19118e-02	2.82947e+02
3.19118e-02	2.76262e+02
3.19118e-02	2.68816e+02
3.19118e-02	2.64860e+02
3.19118e-02	2.62420e+02
3.19118e-02	2.57917e+02
3.19118e-02	2.56014e+02
3.19118e-02	2.53558e+02
3.19118e-02	2.48256e+02
3.19118e-02	2.38528e+02
3.19118e-02	2.18966e+02
3.19118e-02	1.91025e+02
3.19118e-02	1.16689e+02
3.19118e-02	5.64841e+01
3.19118e-02	2.89207e+01
3.19118e-02	1.59531e+01
3.19118e-02	8.24213e+00
3.19118e-02	3.41990e+00
3.19118e-02	1.99860e+00
3.19118e-02	8.85626e-01
3.19118e-02	2.97571e-01
3.19119e-02	1.18615e-01
3.20711e-02	9.54763e-02
3.20711e-02	7.74339e-01
3.20711e-02	8.40145e+00
3.20711e-02	6.25695e+01
3.20711e-02	1.72517e+02
3.20711e-02	2.80141e+02
3.20711e-02	2.87981e+02
3.20711e-02	2.95220e+02
3.20711e-02	2.97545e+02
3.20711e-02	2.98527e+02
3.20711e-02	2.99062e+02
3.20711e-02	3.00267e+02
3.20712e-02	3.03294e+02
3.20712e-02	3.03827e+02
3.20712e-02	3.04178e+02
3.20713e-02	3.04360e+02
3.21800e-02	3.03902e+02
3.21800e-02	3.02849e+02
3.21800e-02	2.77135e+02
3.21800e-02	1.91115e+02
3.21800e-02	6.15264e+01
3.21800e-02	4.70863e+01
3.21800e-02	2.70122e+01
3.21800e-02	1.60076e+01
3.21800e-02	9.38400e+00
3.21800e-02	7.02301e+00
3.21800e-02	6.84216e+00
3.21800e-02	5.42068e+00
3.21800e-02	4.48584e+00
3.21800e-02	1.54874e+00
3.21800e-02	8.89191e-01
3.21800e-02	5.06287e-01
3.21801e-02	2.75269e-01
3.30401e-02	2.68860e-02
3.30401e-02	1.34613e-01
3.30401e-02	9.09088e-01
3.30401e-02	3.15222e+00
3.30401e-02	7.28397e+00
3.30401e-02	1.79089e+01
3.30401e-02	2.33457e+01
3.30401e-02	2.88645e+01
3.30401e-02	3.31746e+01
3.30401e-02	3.68385e+01
3.30401e-02	3.98914e+01
3.30401e-02	4.23312e+01
3.30401e-02	4.63362e+01
3.30401e-02	4.87254e+01
3.30401e-02	5.04851e+01
3.30401e-02	5.20020e+01
3.30401e-02	1.82887e+02
3.30401e-02	2.87000e+02
3.30401e-02	2.94278e+02
3.30401e-02	3.00078e+02
3.30401e-02	3.01557e+02
3.30401e-02	3.01953e+02
3.30402e-02	3.02137e+02
3.37194e-02	3.01298e+02
3.37194e-02	2.98832e+02
3.37194e-02	2.77187e+02
3.37194e-02	2.04652e+02
3.37194e-02	8.06112e+01
3.37194e-02	6.76531e+01
3.37194e-02	8.13223e+00
3.37194e-02	3.35098e+00
3.37194e-02	5.18280e-01
3.37194e-02	-9.98230e-01
3.37194e-02	-3.53500e+00
3.37194e-02	-4.40271e+00
3.37194e-02	-4.75241e+00
3.37194e-02	-4.97665e+00
3.41625e-02	-3.15674e+00
3.42151e-02	-3.05261e+00
3.42151e-02	-3.02704e+00
3.42151e-02	6.87927e+00
3.42151e-02	1.75131e+01
3.42151e-02	2.66223e+01
3.42151e-02	3.34237e+01
3.42151e-02	4.17589e+01
3.42151e-02	7.82509e+01
3.42151e-02	1.72236e+02
3.42151e-02	2.85195e+02
3.42151e-02	3.01024e+02
3.42151e-02	3.01191e+02
3.60409e-02	3.00569e+02
3.65415e-02	3.00567e+02
3.67967e-02	3.00470e+02
3.67967e-02	3.00254e+02
3.67973e-02	3.00361e+02
3.73232e-02	3.00224e+02
3.73232e-02	3.00084e+02
3.73232e-02	2.99176e+02
3.73232e-02	2.96615e+02
3.73232e-02	2.92019e+02
3.73232e-02	2.80606e+02
3.73232e-02	2.75622e+02
3.73232e-02	2.70376e+02
3.73232e-02	2.65708e+02
3.73232e-02	2.62540e+02
3.73232e-02	2.59756e+02
3.73232e-02	2.57250e+02
3.73232e-02	2.53111e+02
3.73232e-02	2.50287e+02
3.73232e-02	2.44014e+02
3.73232e-02	2.33077e+02
3.73232e-02	2.11417e+02
3.73232e-02	1.79351e+02
3.73232e-02	1.46422e+02
3.73232e-02	1.01915e+02
3.73232e-02	3.74348e+01
3.73232e-02	1.66104e+01
3.73232e-02	7.92839e+00
3.73232e-02	2.13570e+00
3.73232e-02	5.98033e-01
3.73232e-02	-2.72627e-01
3.73232e-02	-4.06155e-01
3.73232e-02	-7.27248e-01
3.73461e-02	-8.22280e-01
3.73461e-02	-2.83581e-01
3.73461e-02	7.15401e-01
3.73461e-02	1.60270e+01
3.73461e-02	8.40817e+01
3.73461e-02	2.11653e+02
3.73461e-02	2.28251e+02
3.73461e-02	2.53923e+02
3.73461e-02	2.73323e+02
3.73461e-02	2.86123e+02
3.73461e-02	2.92714e+02
3.73461e-02	2.94208e+02
3.73461e-02	2.94805e+02
3.73461e-02	2.95496e+02
3.73461e-02	2.99193e+02
3.73461e-02	2.99698e+02
3.73461e-02	3.00107e+02
3.73461e-02	3.00356e+02
3.78749e-02	3.00191e+02
3.78749e-02	3.00491e+02
3.78749e-02	3.00474e+02
3.78749e-02	3.00649e+02
3.81300e-02	3.00505e+02
3.81300e-02	3.00282e+02
3.81300e-02	2.98664e+02
3.81300e-02	2.98678e+02
3.81300e-02	2.99583e+02
3.81300e-02	2.99899e+02
3.81301e-02	3.00077e+02
3.85271e-02	3.00095e+02
3.85271e-02	2.99672e+02
3.85271e-02	2.98063e+02
3.85271e-02	2.93453e+02
3.85271e-02	2.87319e+02
3.85271e-02	2.81500e+02
3.85271e-02	2.74765e+02
3.85271e-02	2.69954e+02
3.85271e-02	2.63942e+02
3.85271e-02	2.60717e+02
3.85271e-02	2.58202e+02
3.85271e-02	2.51476e+02
3.85271e-02	1.29834e+02
3.85271e-02	1.77372e+01
3.85271e-02	9.02648e+00
3.85271e-02	1.77899e+00
3.85271e-02	-2.09485e-01
3.85271e-02	-7.29225e-01
3.85271e-02	-9.61028e-01
3.88467e-02	-9.07906e-01
3.88467e-02	-3.25613e-01
3.88467e-02	1.08467e+00
3.88467e-02	3.27496e+01
3.88467e-02	1.25581e+02
3.88467e-02	2.51539e+02
3.88467e-02	2.65515e+02
3.88467e-02	2.68441e+02
3.88467e-02	2.88969e+02
3.88467e-02	2.97273e+02
3.88467e-02	2.98611e+02
3.88467e-02	3.01553e+02
3.88467e-02	3.02156e+02
3.88467e-02	3.02533e+02
3.88468e-02	3.02745e+02
3.92082e-02	3.01913e+02
3.92082e-02	3.02199e+02
3.92082e-02	3.02115e+02
3.92082e-02	3.02423e+02
3.94633e-02	3.01888e+02
3.94633e-02	3.01542e+02
3.94633e-02	3.00955e+02
3.94633e-02	2.99285e+02
3.94633e-02	2.99299e+02
3.94633e-02	2.99717e+02
3.94633e-02	3.00869e+02
3.94633e-02	3.01197e+02
3.94634e-02	3.01378e+02
3.97068e-02	3.01079e+02
3.97068e-02	3.00696e+02
3.97068e-02	2.97160e+02
3.97068e-02	2.88445e+02
3.97068e-02	2.77879e+02
3.97068e-02	2.69408e+02
3.97068e-02	2.63365e+02
3.97068e-02	2.58702e+02
3.97068e-02	2.32796e+02
3.97068e-02	1.51276e+02
3.97068e-02	2.76570e+01
3.97068e-02	1.50816e+01
3.97068e-02	-8.49286e-01
3.97068e-02	-1.01623e+00
4.03860e-02	-8.29187e-01
4.03860e-02	-7.87516e-01
4.03860e-02	2.52218e+00
4.03860e-02	3.27322e+01
4.03860e-02	1.18581e+02
4.03860e-02	2.45919e+02
4.03860e-02	2.84244e+02
4.03860e-02	2.99404e+02
4.03860e-02	3.01405e+02
4.03860e-02	3.03411e+02
4.03860e-02	3.04543e+02
4.03860e-02	3.05053e+02
4.03861e-02	3.05356e+02
4.03864e-02	3.05475e+02
4.05415e-02	3.04667e+02
4.05415e-02	3.04988e+02
4.05415e-02	3.04882e+02
4.05415e-02	3.05265e+02
4.07967e-02	3.03988e+02
4.07967e-02	3.03591e+02
4.07967e-02	3.03038e+02
4.07967e-02	3.01485e+02
4.07967e-02	3.01197e+02
4.07967e-02	3.01534e+02
4.07967e-02	3.02831e+02
4.07967e-02	3.03187e+02
4.07967e-02	3.03404e+02
4.07970e-02	3.03526e+02
4.08818e-02	3.03225e+02
4.08818e-02	3.03099e+02
4.08818e-02	3.00500e+02
4.08818e-02	2.92743e+02
4.08818e-02	2.82279e+02
4.08818e-02	2.73441e+02
4.08818e-02	2.67395e+02
4.08818e-02	2.63246e+02
4.08818e-02	2.59869e+02
4.08818e-02	2.45422e+02
4.08818e-02	1.81589e+02
4.08818e-02	5.26339e+01
4.08818e-02	3.81747e+01
4.08818e-02	2.52286e+01
4.08818e-02	5.75275e+00
4.08818e-02	-8.31306e-01
4.08819e-02	-9.84185e-01
4.18575e-02	-7.49830e-01
4.18575e-02	-4.28422e-01
4.18575e-02	-5.19557e-01
4.18575e-02	-1.76346e-01
4.18582e-02	-3.04008e-01
4.18662e-02	-2.99358e-01
4.18662e-02	-4.81634e+01
4.18662e-02	-1.35473e+02
4.18662e-02	-2.44939e+02
4.18662e-02	-2.87179e+02
4.18662e-02	-3.04433e+02
4.18662e-02	-3.07063e+02
4.18662e-02	-3.08021e+02
4.18662e-02	-3.10347e+02
4.18662e-02	-3.10623e+02
4.18664e-02	-3.10774e+02
4.21800e-02	-3.07952e+02
4.21800e-02	-3.07960e+02
4.21800e-02	-3.07678e+02
4.21800e-02	-3.06901e+02
4.21800e-02	-3.05266e+02
4.21800e-02	-3.02749e+02
4.21800e-02	-2.98836e+02
4.21800e-02	-2.87844e+02
4.21800e-02	-2.83205e+02
4.21800e-02	-2.78165e+02
4.21800e-02	-2.73582e+02
4.21800e-02	-2.70239e+02
4.21800e-02	-2.67934e+02
4.21800e-02	-2.66092e+02
4.21800e-02	-2.62806e+02
4.21800e-02	-2.60533e+02
4.21800e-02	-2.58235e+02
4.21800e-02	-2.53211e+02
4.21800e-02	-2.44014e+02
4.21800e-02	-2.24523e+02
4.21800e-02	-1.98091e+02
4.21800e-02	-1.26644e+02
4.21800e-02	-6.70192e+01
4.21800e-02	-3.52008e+01
4.21800e-02	-2.04132e+01
4.21800e-02	-1.20585e+01
4.21800e-02	-7.86333e+00
4.21800e-02	-5.47694e+00
4.21800e-02	-3.99934e+00
4.21800e-02	-2.77966e+00
4.21800e-02	-1.19686e+00
4.21800e-02	-2.24301e-01
4.21800e-02	-1.93846e-02
4.30401e-02	8.70911e-02
4.30401e-02	-5.44763e-01
4.30401e-02	-7.59092e+00
4.30401e-02	-3.49294e+01
4.30401e-02	-1.11563e+02
4.30401e-02	-2.36318e+02
4.30401e-02	-2.52408e+02
4.30401e-02	-2.65980e+02
4.30401e-02	-2.76884e+02
4.30401e-02	-2.92618e+02
4.30401e-02	-2.99025e+02
4.30401e-02	-3.02535e+02
4.30401e-02	-3.03666e+02
4.30401e-02	-3.05168e+02
4.30401e-02	-3.06738e+02
4.30402e-02	-3.08599e+02
4.30402e-02	-3.09009e+02
4.30402e-02	-3.09286e+02
4.30403e-02	-3.09445e+02
4.32082e-02	-3.08075e+02
4.34633e-02	-3.06229e+02
4.34633e-02	-3.06028e+02
4.34642e-02	-3.06131e+02
4.37194e-02	-3.04715e+02
4.37194e-02	-3.04793e+02
4.37194e-02	-3.03335e+02
4.37194e-02	-2.97255e+02
4.37194e-02	-2.87114e+02
4.37194e-02	-2.77275e+02
4.37194e-02	-2.69683e+02
4.37194e-02	-2.66177e+02
4.37194e-02	-2.62675e+02
4.37194e-02	-2.60053e+02
4.37194e-02	-2.57447e+02
4.37194e-02	-2.54760e+02
4.37194e-02	-2.40880e+02
4.37194e-02	-1.02654e+02
4.37194e-02	-7.89404e+01
4.37194e-02	-6.10117e+01
4.37194e-02	-4.40304e+01
4.37194e-02	-2.89507e+01
4.37194e-02	-2.85699e+01
4.37194e-02	-1.98304e+01
4.37194e-02	-1.23997e+01
4.37194e-02	-1.02478e+01
4.37194e-02	-8.29415e+00
4.37194e-02	-6.47770e+00
4.37194e-02	-4.49536e+00
4.37194e-02	-2.29135e+00
4.37194e-02	-9.29232e-01
4.37194e-02	6.36730e-02
4.37194e-02	2.08320e-01
4.37194e-02	4.50492e-01
4.37198e-02	5.64327e-01
4.42151e-02	6.30930e-01
4.42151e-02	4.02830e-01
4.42151e-02	-4.99254e+00
4.42151e-02	-3.76097e+01
4.42151e-02	-1.21777e+02
4.42151e-02	-2.45931e+02
4.42151e-02	-2.61332e+02
4.42151e-02	-2.89896e+02
4.42151e-02	-3.01288e+02
4.42151e-02	-3.02945e+02
4.42151e-02	-3.05517e+02
4.42151e-02	-3.06015e+02
4.42151e-02	-3.06424e+02
4.42151e-02	-3.06695e+02
4.45416e-02	-3.04797e+02
4.45416e-02	-3.05120e+02
4.45416e-02	-3.05080e+02
4.45416e-02	-3.05284e+02
4.47966e-02	-3.04087e+02
4.47966e-02	-3.03904e+02
4.47966e-02	-3.02286e+02
4.47966e-02	-3.02188e+02
4.47966e-02	-3.03068e+02
4.47966e-02	-3.03450e+02
4.47967e-02	-3.03637e+02
4.52452e-02	-3.02266e+02
4.52452e-02	-3.02314e+02
4.52452e-02	-3.01800e+02
4.52452e-02	-3.00143e+02
4.52452e-02	-2.95452e+02
4.52452e-02	-2.90394e+02
4.52452e-02	-2.84640e+02
4.52452e-02	-2.78327e+02
4.52452e-02	-2.73195e+02
4.52452e-02	-2.65869e+02
4.52452e-02	-2.62629e+02
4.52452e-02	-2.60449e+02
4.52452e-02	-2.54433e+02
4.52452e-02	-2.52537e+02
4.52452e-02	-2.48386e+02
4.52452e-02	-2.41833e+02
4.52452e-02	-2.40369e+02
4.52452e-02	-2.36584e+02
4.52452e-02	-2.28110e+02
4.52452e-02	-2.25163e+02
4.52452e-02	-6.05506e+01
4.52452e-02	-4.34972e+01
4.52452e-02	-1.97267e+01
4.52452e-02	-1.02079e+01
4.52452e-02	-5.09304e+00
4.52452e-02	-2.56407e+00
4.52452e-02	-1.13500e+00
4.52452e-02	1.27009e-01
4.52452e-02	7.09051e-01
4.52452e-02	8.95110e-01
4.54045e-02	9.03037e-01
4.54045e-02	2.28256e-01
4.54045e-02	-4.51769e+00
4.54045e-02	-4.95306e+01
4.54045e-02	-1.54162e+02
4.54045e-02	-2.71447e+02
4.54045e-02	-2.81267e+02
4.54045e-02	-2.91417e+02
4.54045e-02	-2.95576e+02
4.54045e-02	-2.97075e+02
4.54045e-02	-2.97712e+02
4.54045e-02	-2.98317e+02
4.54045e-02	-3.01657e+02
4.54045e-02	-3.02583e+02
4.54045e-02	-3.03014e+02
4.54045e-02	-3.03313e+02
4.58749e-02	-3.02091e+02
4.58749e-02	-3.02415e+02
4.58749e-02	-3.02310e+02
4.58749e-02	-3.02618e+02
4.61300e-02	-3.02025e+02
4.61300e-02	-3.01691e+02
4.61300e-02	-3.01114e+02
4.61300e-02	-2.99623e+02
4.61300e-02	-2.99431e+02
4.61300e-02	-2.99831e+02
4.61300e-02	-3.00991e+02
4.61300e-02	-3.01330e+02
4.61301e-02	-3.01513e+02
4.69273e-02	-3.00579e+02
4.72081e-02	-3.00469e+02
4.72081e-02	-3.00733e+02
4.72081e-02	-3.00682e+02
4.72081e-02	-3.01019e+02
4.74634e-02	-3.00701e+02
4.74634e-02	-3.00441e+02
4.74634e-02	-2.99937e+02
4.74634e-02	-2.98363e+02
4.74634e-02	-2.97927e+02
4.74634e-02	-2.98144e+02
4.74634e-02	-2.99451e+02
4.74634e-02	-2.99868e+02
4.74634e-02	-3.00118e+02
4.74636e-02	-3.00263e+02
4.85242e-02	-3.00061e+02
4.85242e-02	-3.00324e+02
4.85242e-02	-3.00273e+02
4.85242e-02	-3.00616e+02
4.85245e-02	-3.00459e+02
4.85329e-02	-3.00460e+02
4.85329e-02	-2.94369e+02
4.85329e-02	-2.57055e+02
4.85329e-02	-1.72573e+02
4.85329e-02	-7.62197e+01
4.85329e-02	-4.97885e+00
4.85329e-02	-2.44995e-01
4.85329e-02	4.11322e+00
4.85329e-02	5.69430e+00
4.85329e-02	6.76407e+00
4.85329e-02	9.60574e+00
4.85329e-02	9.87143e+00
4.85331e-02	1.00132e+01
4.88276e-02	7.38818e+00
4.88467e-02	7.28372e+00
4.88467e-02	6.94189e+00
4.88467e-02	3.54468e+00
4.88467e-02	-5.03479e+00
4.88467e-02	-1.55628e+01
4.88467e-02	-2.39453e+01
4.88467e-02	-2.95949e+01
4.88467e-02	-3.36046e+01
4.88467e-02	-3.69842e+01
4.88467e-02	-6.05982e+01
4.88467e-02	-1.38364e+02
4.88467e-02	-2.64856e+02
4.88467e-02	-2.67602e+02
4.88467e-02	-2.70349e+02
4.88467e-02	-2.75050e+02
4.88467e-02	-2.82236e+02
4.88467e-02	-2.88171e+02
4.88467e-02	-2.91759e+02
4.88467e-02	-2.94016e+02
4.88467e-02	-2.96199e+02
4.88467e-02	-2.97806e+02
4.88467e-02	-2.98963e+02
4.88467e-02	-3.00350e+02
4.88467e-02	-3.00626e+02
4.88469e-02	-3.00739e+02
4.97068e-02	-3.00531e+02
4.97068e-02	-2.92665e+02
4.97068e-02	-2.64454e+02
4.97068e-02	-1.86401e+02
4.97068e-02	-6.02014e+01
4.97068e-02	-4.54625e+01
4.97068e-02	-3.22388e+01
4.97068e-02	-2.12376e+01
4.97068e-02	-1.50336e+01
4.97068e-02	-4.38873e-01
4.97068e-02	4.55539e+00
4.97068e-02	5.71612e+00
4.97068e-02	8.24304e+00
4.97068e-02	8.67371e+00
4.97068e-02	8.90445e+00
5.00451e-02	6.30554e+00
5.03860e-02	4.46893e+00
5.03860e-02	2.17407e+00
5.03860e-02	-5.32349e+00
5.03860e-02	-1.58856e+01
5.03860e-02	-2.50577e+01
5.03860e-02	-3.18545e+01
5.03860e-02	-3.51600e+01
5.03860e-02	-3.83306e+01
5.03860e-02	-4.09186e+01
5.03860e-02	-6.14969e+01
5.03860e-02	-1.47861e+02
5.03860e-02	-2.69375e+02
5.03860e-02	-2.80620e+02
5.03860e-02	-2.92360e+02
5.03860e-02	-3.00643e+02
5.03861e-02	-3.00804e+02
5.06566e-02	-3.00811e+02
5.06566e-02	-3.00901e+02
5.06566e-02	-2.99990e+02
5.06566e-02	-2.97614e+02
5.06566e-02	-2.92659e+02
5.06566e-02	-2.81738e+02
5.06566e-02	-2.73691e+02
5.06566e-02	-2.67000e+02
5.06566e-02	-2.62556e+02
5.06566e-02	-2.59835e+02
5.06566e-02	-2.54489e+02
5.06566e-02	-2.47539e+02
5.06566e-02	-2.35627e+02
5.06566e-02	-2.12884e+02
5.06566e-02	-1.80225e+02
5.06566e-02	-1.40810e+02
5.06566e-02	-1.00364e+02
5.06566e-02	-3.54136e+01
5.06566e-02	-1.57108e+01
5.06566e-02	-7.57591e+00
5.06566e-02	-2.35420e+00
5.06566e-02	-1.03568e+00
5.06566e-02	-2.86316e-01
5.06566e-02	-2.84638e-02
5.06566e-02	1.65398e-01
5.06794e-02	1.57838e-01
5.06794e-02	-1.31294e+00
5.06794e-02	-1.78439e+01
5.06794e-02	-8.82988e+01
5.06794e-02	-2.16814e+02
5.06794e-02	-2.33155e+02
5.06794e-02	-2.57862e+02
5.06794e-02	-2.75930e+02
5.06794e-02	-2.87744e+02
5.06794e-02	-2.93016e+02
5.06794e-02	-2.94560e+02
5.06794e-02	-2.95314e+02
5.06794e-02	-2.96064e+02
5.06794e-02	-2.99325e+02
5.06794e-02	-3.00110e+02
5.06794e-02	-3.00585e+02
5.06794e-02	-3.00899e+02
5.08818e-02	-3.00826e+02
5.08818e-02	-3.00226e+02
5.08818e-02	-2.99687e+02
5.08818e-02	-2.98595e+02
5.08818e-02	-2.96913e+02
5.08818e-02	-2.95139e+02
5.08818e-02	-1.98495e+02
5.08818e-02	-5.44677e+01
5.08818e-02	-2.91063e+01
5.08818e-02	-1.84140e+01
5.08818e-02	-2.85370e+00
5.08818e-02	1.84763e+00
5.08818e-02	2.92517e+00
5.08818e-02	5.39844e+00
5.08818e-02	5.84189e+00
5.08818e-02	6.23502e+00
5.08818e-02	6.46802e+00
5.12084e-02	4.63422e+00
5.15984e-02	3.09988e+00
5.18604e-02	2.29907e+00
5.18604e-02	2.19537e+00
5.18604e-02	2.51102e+00
5.18604e-02	4.00211e+00
5.18604e-02	8.15640e+00
5.18604e-02	1.34768e+01
5.18604e-02	1.97074e+01
5.18604e-02	2.55311e+01
5.18604e-02	3.25128e+01
5.18604e-02	3.92809e+01
5.18604e-02	4.24417e+01
5.18604e-02	4.48804e+01
5.18604e-02	4.94449e+01
5.18604e-02	5.30163e+01
5.18604e-02	6.11290e+01
5.18604e-02	7.53560e+01
5.18604e-02	9.97876e+01
5.18604e-02	1.33542e+02
5.18604e-02	1.67387e+02
5.18604e-02	2.19683e+02
5.18604e-02	2.64961e+02
5.18604e-02	2.85800e+02
5.18604e-02	3.03210e+02
5.18604e-02	3.03379e+02
5.19118e-02	3.03351e+02
5.19118e-02	3.03050e+02
5.19118e-02	3.01832e+02
5.19118e-02	2.98190e+02
5.19118e-02	2.92890e+02
5.19118e-02	2.87485e+02
5.19118e-02	2.80955e+02
5.19118e-02	2.75706e+02
5.19118e-02	2.70340e+02
5.19118e-02	2.66485e+02
5.19118e-02	2.63498e+02
5.19118e-02	2.61317e+02
5.19118e-02	2.55327e+02
5.19118e-02	2.53288e+02
5.19118e-02	2.50231e+02
5.19118e-02	2.49601e+02
5.19118e-02	2.47666e+02
5.19118e-02	2.42232e+02
5.19118e-02	2.26809e+02
5.19118e-02	2.00756e+02
5.19118e-02	1.69162e+02
5.19118e-02	1.30442e+02
5.19118e-02	7.88118e+01
5.19118e-02	3.99058e+01
5.19118e-02	2.14022e+01
5.19118e-02	1.20120e+01
5.19118e-02	4.97949e+00
5.19118e-02	3.01747e+00
5.19118e-02	1.44180e+00
5.19118e-02	9.17737e-01
5.19118e-02	3.23368e-01
5.19119e-02	1.24596e-01
5.20711e-02	9.54587e-02
5.20711e-02	7.41815e-01
5.20711e-02	7.31732e+00
5.20711e-02	5.94799e+01
5.20711e-02	2.78885e+02
5.20711e-02	2.87831e+02
5.20711e-02	2.89277e+02
5.20711e-02	2.92395e+02
5.20711e-02	2.93320e+02
5.20711e-02	2.97772e+02
5.20711e-02	2.99867e+02
5.20711e-02	3.01797e+02
5.20712e-02	3.03432e+02
5.20712e-02	3.03871e+02
5.20712e-02	3.04213e+02
5.20713e-02	3.04360e+02
5.21800e-02	3.03911e+02
5.21800e-02	3.02866e+02
5.21800e-02	2.83200e+02
5.21800e-02	2.07993e+02
5.21800e-02	6.39514e+01
5.21800e-02	3.88567e+01
5.21800e-02	2.37386e+01
5.21800e-02	1.23290e+01
5.21800e-02	7.39987e+00
5.21800e-02	6.18298e+00
5.21800e-02	5.70914e+00
5.21800e-02	4.73105e+00
5.21800e-02	1.66599e+00
5.21800e-02	9.30695e-01
5.21800e-02	5.25269e-01
5.21801e-02	2.75787e-01
5.30401e-02	3.72620e-02
5.30401e-02	1.22070e-03
5.30401e-02	3.55866e-01
5.30401e-02	1.81506e+00
5.30401e-02	5.91733e+00
5.30401e-02	1.16695e+01
5.30401e-02	1.76123e+01
5.30401e-02	2.39213e+01
5.30401e-02	2.91714e+01
5.30401e-02	3.56038e+01
5.30401e-02	3.89989e+01
5.30401e-02	4.13815e+01
5.30401e-02	4.76812e+01
5.30401e-02	4.95737e+01
5.30401e-02	5.22661e+01
5.30401e-02	5.27403e+01
5.30401e-02	2.05662e+02
5.30401e-02	2.32507e+02
5.30401e-02	2.41777e+02
5.30401e-02	2.58371e+02
5.30401e-02	2.77111e+02
5.30401e-02	2.88504e+02
5.30401e-02	2.95972e+02
5.30401e-02	2.98506e+02
5.30401e-02	2.99863e+02
5.30401e-02	3.00927e+02
5.30401e-02	3.01897e+02
5.30401e-02	3.02127e+02
5.37194e-02	3.01405e+02
5.37194e-02	3.01014e+02
5.37194e-02	2.94038e+02
5.37194e-02	2.46363e+02
5.37194e-02	1.42687e+02
5.37194e-02	2.31616e+01
5.37194e-02	6.74091e+00
5.37194e-02	-1.00098e-02
5.37194e-02	-1.24536e+00
5.37194e-02	-3.72638e+00
5.37194e-02	-4.46893e+00
5.37194e-02	-4.80829e+00
5.37195e-02	-4.98590e+00
5.41502e-02	-3.19665e+00
5.42151e-02	-3.02991e+00
5.42151e-02	-2.61478e+00
5.42151e-02	9.97894e-01
5.42151e-02	9.75623e+00
5.42151e-02	2.02740e+01
5.42151e-02	2.86149e+01
5.42151e-02	3.44134e+01
5.42151e-02	3.87720e+01
5.42151e-02	5.02354e+01
5.42151e-02	1.07559e+02
5.42151e-02	2.32815e+02
5.42151e-02	2.51091e+02
5.42151e-02	2.65005e+02
5.42151e-02	2.76396e+02
5.42151e-02	2.84351e+02
5.42151e-02	2.92224e+02
5.42151e-02	2.97417e+02
5.42151e-02	3.01070e+02
5.42152e-02	3.01213e+02
5.59050e-02	3.00594e+02
5.65415e-02	3.00569e+02
5.67967e-02	3.00452e+02
5.67967e-02	3.00249e+02
5.67972e-02	3.00362e+02
5.73232e-02	3.00227e+02
5.73232e-02	2.99776e+02
5.73232e-02	2.98156e+02
5.73232e-02	2.93967e+02
5.73232e-02	2.88756e+02
5.73232e-02	2.82763e+02
5.73232e-02	2.76937e+02
5.73232e-02	2.71657e+02
5.73232e-02	2.66090e+02
5.73232e-02	2.62550e+02
5.73232e-02	2.59623e+02
5.73232e-02	2.57286e+02
5.73232e-02	2.53137e+02
5.73232e-02	2.50140e+02
5.73232e-02	2.43478e+02
5.73232e-02	2.31952e+02
5.73232e-02	2.09925e+02
5.73232e-02	1.77941e+02
5.73232e-02	1.44409e+02
5.73232e-02	1.00032e+02
5.73232e-02	3.28462e+01
5.73232e-02	1.36964e+01
5.73232e-02	5.91188e+00
5.73232e-02	2.17578e+00
5.73232e-02	8.81793e-01
5.73232e-02	-3.11204e-01
5.73232e-02	-7.14139e-01
5.73239e-02	-8.28135e-01
5.73461e-02	-8.30664e-01
5.73461e-02	-2.88214e-01
5.73461e-02	7.45651e-01
5.73461e-02	2.20960e+01
5.73461e-02	1.01017e+02
5.73461e-02	2.30406e+02
5.73461e-02	2.45556e+02
5.73461e-02	2.66815e+02
5.73461e-02	2.81252e+02
5.73461e-02	2.89714e+02
5.73461e-02	2.92770e+02
5.73461e-02	2.94071e+02
5.73461e-02	2.94787e+02
5.73461e-02	2.95507e+02
5.73461e-02	2.98762e+02
5.73461e-02	2.99530e+02
5.73461e-02	2.99993e+02
5.73461e-02	3.00303e+02
5.78749e-02	3.00210e+02
5.78749e-02	3.00489e+02
5.78749e-02	3.00425e+02
5.78749e-02	3.00647e+02
5.81300e-02	3.00518e+02
5.81300e-02	3.00318e+02
5.81300e-02	2.98691e+02
5.81300e-02	2.98637e+02
5.81300e-02	2.99533e+02
5.81300e-02	2.99893e+02
5.81300e-02	3.00076e+02
5.85271e-02	3.00066e+02
5.85271e-02	3.00204e+02
5.85271e-02	3.00012e+02
5.85271e-02	2.98748e+02
5.85271e-02	2.95454e+02
5.85271e-02	2.90268e+02
5.85271e-02	2.84274e+02
5.85271e-02	2.78295e+02
5.85271e-02	2.69753e+02
5.85271e-02	2.63255e+02
5.85271e-02	2.60029e+02
5.85271e-02	2.57603e+02
5.85271e-02	2.53111e+02
5.85271e-02	2.49720e+02
5.85271e-02	2.42157e+02
5.85271e-02	2.29072e+02
5.85271e-02	2.05744e+02
5.85271e-02	1.72862e+02
5.85271e-02	1.38649e+02
5.85271e-02	9.04457e+01
5.85271e-02	3.99872e+01
5.85271e-02	1.93843e+01
5.85271e-02	8.49696e+00
5.85271e-02	4.62806e+00
5.85271e-02	1.65909e+00
5.85271e-02	-5.81377e-01
5.85271e-02	-9.24464e-01
5.85279e-02	-1.03301e+00
5.88467e-02	-9.43769e-01
5.88467e-02	4.73211e-03
5.88467e-02	1.03033e+01
5.88467e-02	6.82446e+01
5.88467e-02	1.76974e+02
5.88467e-02	2.80653e+02
5.88467e-02	2.88048e+02
5.88467e-02	2.94456e+02
5.88467e-02	2.96286e+02
5.88467e-02	2.97073e+02
5.88467e-02	2.98701e+02
5.88467e-02	3.01572e+02
5.88467e-02	3.02160e+02
5.88467e-02	3.02534e+02
5.88468e-02	3.02744e+02
5.92082e-02	3.01921e+02
5.92082e-02	3.02199e+02
5.92082e-02	3.02100e+02
5.92082e-02	3.02415e+02
5.94633e-02	3.01847e+02
5.94633e-02	3.01446e+02
5.94633e-02	2.99970e+02
5.94633e-02	2.99100e+02
5.94633e-02	2.99327e+02
5.94633e-02	3.00949e+02
5.94633e-02	3.01232e+02
5.94635e-02	3.01379e+02
5.97068e-02	3.01104e+02
5.97068e-02	3.01150e+02
5.97068e-02	3.00944e+02
5.97068e-02	2.99831e+02
5.97068e-02	2.96715e+02
5.97068e-02	2.91773e+02
5.97068e-02	2.85899e+02
5.97068e-02	2.79925e+02
5.97068e-02	2.74331e+02
5.97068e-02	2.67634e+02
5.97068e-02	2.63272e+02
5.97068e-02	2.60690e+02
5.97068e-02	2.58281e+02
5.97068e-02	2.53965e+02
5.97068e-02	2.50419e+02
5.97068e-02	2.42281e+02
5.97068e-02	2.30851e+02
5.97068e-02	6.41395e+01
5.97068e-02	4.49241e+01
5.97068e-02	3.02203e+01
5.97068e-02	2.01867e+01
5.97068e-02	1.26083e+01
5.97068e-02	6.98328e+00
5.97068e-02	-8.89644e-01
5.97069e-02	-1.04967e+00
6.00000e-02	-9.68901e-01
