time	V(a)
0.000000000000000e+000	1.935869e-004	
3.86017e-04	-8.99287e-02
3.86024e-04	-2.07927e-01
3.86029e-04	-3.10206e-01
3.86029e-04	-2.21432e-01
3.86030e-04	2.55174e+01
3.86031e-04	9.79989e+01
3.86032e-04	2.02262e+02
3.86033e-04	2.90996e+02
3.86034e-04	2.97205e+02
3.86034e-04	3.02678e+02
3.86034e-04	3.04218e+02
3.86034e-04	3.05065e+02
3.86035e-04	3.05840e+02
3.86040e-04	3.09336e+02
3.86041e-04	3.09790e+02
3.86099e-04	3.09993e+02
6.82807e-04	3.07320e+02
8.81766e-04	3.06000e+02
8.81767e-04	3.06110e+02
8.81768e-04	3.05762e+02
8.81768e-04	3.04772e+02
8.81768e-04	3.02346e+02
8.81768e-04	2.99037e+02
8.81769e-04	2.89576e+02
8.81769e-04	2.81667e+02
8.81770e-04	2.73991e+02
8.81771e-04	2.68886e+02
8.81771e-04	2.66064e+02
8.81772e-04	2.63897e+02
8.81773e-04	2.59791e+02
8.81774e-04	2.56298e+02
8.81774e-04	2.50711e+02
8.81775e-04	2.39429e+02
8.81775e-04	2.16415e+02
8.81775e-04	1.83960e+02
8.81775e-04	1.51197e+02
8.81775e-04	1.08094e+02
8.81776e-04	3.99565e+01
8.81776e-04	1.93592e+01
8.81776e-04	1.08293e+01
8.81776e-04	6.48764e+00
8.81777e-04	3.70647e+00
8.81777e-04	2.18920e+00
8.81777e-04	1.13692e+00
8.81778e-04	-6.93137e-01
8.82035e-04	-8.25987e-01
2.86417e-03	-5.32194e-01
3.20816e-03	-4.50524e-01
3.20817e-03	-6.04556e-01
3.46334e-03	-5.60686e-01
3.46334e-03	2.10844e-01
3.46334e-03	2.67312e-01
3.46335e-03	-1.20951e-01
3.46345e-03	-2.88000e-01
4.54157e-03	-1.54702e-01
4.54157e-03	-4.81002e-01
4.54158e-03	-4.15282e-01
4.54158e-03	-6.45900e-01
4.79663e-03	-5.29372e-01
4.79663e-03	6.91035e-01
4.79663e-03	1.39750e+00
4.79663e-03	1.74935e+00
4.79663e-03	1.50349e+00
4.79663e-03	4.31519e-01
4.79664e-03	1.11159e-01
4.79672e-03	-6.80335e-02
5.87489e-03	-9.50066e-02
5.87489e-03	-4.15451e-01
5.87490e-03	-2.94796e-01
5.87490e-03	-6.11893e-01
6.12998e-03	-4.68771e-01
6.12998e-03	1.93021e-02
6.12999e-03	1.39447e+00
6.12999e-03	2.48368e+00
6.12999e-03	2.58760e+00
6.12999e-03	2.25077e+00
6.12999e-03	4.11187e-01
6.12999e-03	1.51193e-01
6.13011e-03	-1.31142e-02
7.20812e-03	-1.01653e-01
7.20812e-03	-3.53610e-01
7.20813e-03	-2.49788e-01
7.20813e-03	-6.19048e-01
7.22135e-03	-5.16175e-01
7.44205e-03	-3.55920e-01
7.45317e-03	1.12896e-01
7.46001e-03	3.92156e-01
7.46340e-03	3.05236e-01
7.46340e-03	6.85442e-01
7.46340e-03	1.40163e+00
7.46341e-03	3.34361e+00
7.46341e-03	3.47483e+00
7.46341e-03	3.16387e+00
7.46341e-03	5.78465e-01
7.46341e-03	2.07138e-01
7.46348e-03	1.98954e-03
8.52418e-03	-9.85117e-02
8.52418e-03	-3.48867e-01
8.52419e-03	-2.77917e-01
8.52419e-03	-5.91874e-01
8.52491e-03	-3.82331e-01
8.53289e-03	-8.79353e-02
8.53289e-03	1.72411e+00
8.53289e-03	4.70547e+01
8.53289e-03	1.32491e+02
8.53289e-03	2.40434e+02
8.53289e-03	2.97239e+02
8.53289e-03	2.98113e+02
8.53289e-03	3.03596e+02
8.53289e-03	3.06251e+02
8.53289e-03	3.07208e+02
8.53290e-03	3.09576e+02
8.53290e-03	3.09811e+02
8.53298e-03	3.09998e+02
8.82682e-03	3.07342e+02
8.84667e-03	3.07206e+02
8.84667e-03	3.04828e+02
8.84667e-03	2.97233e+02
8.84667e-03	2.86661e+02
8.84668e-03	2.77592e+02
8.84668e-03	2.70757e+02
8.84668e-03	2.66830e+02
8.84668e-03	2.63234e+02
8.84668e-03	2.39416e+02
8.84668e-03	1.61456e+02
8.84668e-03	3.94030e+01
8.84668e-03	2.56515e+01
8.84668e-03	8.15886e+00
8.84668e-03	4.71763e-01
8.84668e-03	-6.89099e-01
8.85751e-03	-7.91806e-01
9.70681e-03	-7.34098e-01
9.70681e-03	7.60007e+00
9.70681e-03	4.74377e+01
9.70681e-03	1.42649e+02
9.70681e-03	2.64927e+02
9.70681e-03	2.77024e+02
9.70681e-03	2.92091e+02
9.70681e-03	2.98555e+02
9.70681e-03	3.01957e+02
9.70681e-03	3.03268e+02
9.70681e-03	3.03916e+02
9.70681e-03	3.05551e+02
9.70682e-03	3.08051e+02
9.70682e-03	3.08558e+02
9.70685e-03	3.08789e+02
1.00483e-02	3.06161e+02
1.03860e-02	3.04340e+02
1.03860e-02	3.03448e+02
1.03860e-02	2.98685e+02
1.03860e-02	2.89217e+02
1.03860e-02	2.79012e+02
1.03860e-02	2.71351e+02
1.03860e-02	2.66111e+02
1.03860e-02	2.62128e+02
1.03860e-02	2.52492e+02
1.03860e-02	1.99185e+02
1.03860e-02	7.65673e+01
1.03860e-02	5.66051e+01
1.03860e-02	4.82805e+01
1.03860e-02	4.04986e+01
1.03860e-02	2.76119e+01
1.03860e-02	1.60868e+01
1.03860e-02	8.04087e+00
1.03860e-02	4.30717e+00
1.03860e-02	2.31656e+00
1.03860e-02	7.38101e-01
1.03860e-02	-4.32703e-01
1.03860e-02	-8.27024e-01
1.03865e-02	-9.40589e-01
1.08818e-02	-7.50335e-01
1.08818e-02	4.70715e+00
1.08818e-02	3.35398e+01
1.08818e-02	1.11391e+02
1.08818e-02	2.50756e+02
1.08818e-02	2.74959e+02
1.08818e-02	2.88385e+02
1.08818e-02	2.97877e+02
1.08818e-02	3.02003e+02
1.08818e-02	3.03026e+02
1.08818e-02	3.05682e+02
1.08818e-02	3.06169e+02
1.08818e-02	3.06445e+02
1.13335e-02	3.04045e+02
1.17648e-02	3.02538e+02
1.19118e-02	3.02217e+02
1.19118e-02	3.02347e+02
1.19118e-02	3.02255e+02
1.19118e-02	3.01498e+02
1.19118e-02	2.99448e+02
1.19118e-02	2.95627e+02
1.19118e-02	2.85654e+02
1.19118e-02	2.78935e+02
1.19118e-02	2.71479e+02
1.19118e-02	2.64960e+02
1.19118e-02	2.62015e+02
1.19118e-02	2.59716e+02
1.19118e-02	2.55007e+02
1.19118e-02	2.49583e+02
1.19118e-02	2.39135e+02
1.19118e-02	2.19368e+02
1.19118e-02	1.89808e+02
1.19118e-02	1.53729e+02
1.19118e-02	1.16655e+02
1.19118e-02	5.26944e+01
1.19118e-02	2.58166e+01
1.19118e-02	1.36885e+01
1.19118e-02	6.13067e+00
1.19118e-02	2.08905e+00
1.19118e-02	5.06624e-01
1.19118e-02	-4.23482e-01
1.19118e-02	-8.06882e-01
1.19119e-02	-9.85421e-01
1.20711e-02	-9.77429e-01
1.20711e-02	-3.34584e-01
1.20711e-02	3.79321e+00
1.20711e-02	4.77295e+01
1.20711e-02	1.52282e+02
1.20711e-02	2.70443e+02
1.20711e-02	2.80416e+02
1.20711e-02	2.90864e+02
1.20711e-02	2.95359e+02
1.20711e-02	2.96944e+02
1.20711e-02	2.97693e+02
1.20711e-02	2.98297e+02
1.20712e-02	3.01743e+02
1.20712e-02	3.02591e+02
1.20712e-02	3.03018e+02
1.20712e-02	3.03286e+02
1.26583e-02	3.01740e+02
1.33966e-02	3.00730e+02
1.46255e-02	3.00095e+02
1.73232e-02	2.99902e+02
1.73232e-02	2.99941e+02
1.73232e-02	2.99485e+02
1.73232e-02	2.97855e+02
1.73232e-02	2.93679e+02
1.73232e-02	2.88490e+02
1.73232e-02	2.82502e+02
1.73232e-02	2.76687e+02
1.73232e-02	2.71399e+02
1.73232e-02	2.65871e+02
1.73232e-02	2.62325e+02
1.73232e-02	2.59377e+02
1.73232e-02	2.57039e+02
1.73232e-02	2.52872e+02
1.73232e-02	2.49676e+02
1.73232e-02	2.42496e+02
1.73232e-02	2.30218e+02
1.73232e-02	2.07364e+02
1.73232e-02	1.75109e+02
1.73232e-02	1.41263e+02
1.73232e-02	9.49851e+01
1.73232e-02	3.82282e+01
1.73232e-02	1.77037e+01
1.73232e-02	8.57942e+00
1.73232e-02	2.23364e+00
1.73232e-02	5.47334e-01
1.73232e-02	-4.83725e-01
1.73232e-02	-8.07679e-01
1.73232e-02	-1.01906e+00
1.73461e-02	-1.08313e+00
1.73461e-02	-5.46975e-01
1.73461e-02	4.40422e-01
1.73461e-02	1.67239e+01
1.73461e-02	8.66619e+01
1.73461e-02	2.14904e+02
1.73461e-02	2.31296e+02
1.73461e-02	2.56237e+02
1.73461e-02	2.74562e+02
1.73461e-02	2.86644e+02
1.73461e-02	2.92176e+02
1.73461e-02	2.93715e+02
1.73461e-02	2.94448e+02
1.73461e-02	2.95190e+02
1.73461e-02	2.98454e+02
1.73461e-02	2.99238e+02
1.73461e-02	2.99712e+02
1.73461e-02	3.00025e+02
1.85271e-02	2.99918e+02
1.85271e-02	2.99412e+02
1.85271e-02	2.97627e+02
1.85271e-02	2.93330e+02
1.85271e-02	2.87870e+02
1.85271e-02	2.81890e+02
1.85271e-02	2.76434e+02
1.85271e-02	2.71670e+02
1.85271e-02	2.67688e+02
1.85271e-02	2.64571e+02
1.85271e-02	2.62044e+02
1.85271e-02	2.59993e+02
1.85271e-02	2.57953e+02
1.85271e-02	2.52328e+02
1.85271e-02	2.50579e+02
1.85271e-02	2.48310e+02
1.85271e-02	7.77687e+01
1.85271e-02	4.19810e+01
1.85271e-02	2.27182e+01
1.85271e-02	-8.79981e-01
1.85271e-02	-1.05658e+00
1.88467e-02	-9.60227e-01
1.88467e-02	8.67748e-02
1.88467e-02	1.99160e+01
1.88467e-02	9.53873e+01
1.88467e-02	2.23374e+02
1.88467e-02	2.40328e+02
1.88467e-02	2.53544e+02
1.88467e-02	2.65156e+02
1.88467e-02	2.72073e+02
1.88467e-02	2.90938e+02
1.88467e-02	2.97434e+02
1.88467e-02	2.98614e+02
1.88467e-02	3.01226e+02
1.88467e-02	3.01988e+02
1.88467e-02	3.02394e+02
1.88467e-02	3.02661e+02
1.94834e-02	3.01322e+02
1.97068e-02	3.01084e+02
1.97068e-02	3.01224e+02
1.97068e-02	3.01065e+02
1.97068e-02	2.99983e+02
1.97068e-02	2.97172e+02
1.97068e-02	2.92512e+02
1.97068e-02	2.87195e+02
1.97068e-02	2.81357e+02
1.97068e-02	2.73206e+02
1.97068e-02	2.65840e+02
1.97068e-02	2.62162e+02
1.97068e-02	2.59788e+02
1.97068e-02	2.55097e+02
1.97068e-02	2.51001e+02
1.97068e-02	2.44210e+02
1.97068e-02	2.33917e+02
1.97068e-02	6.76861e+01
1.97068e-02	4.97497e+01
1.97068e-02	2.95809e+01
1.97068e-02	-8.50447e-01
1.97068e-02	-1.02057e+00
2.03860e-02	-8.89537e-01
2.03860e-02	-4.20065e-01
2.03860e-02	6.63346e+00
2.03860e-02	4.86442e+01
2.03860e-02	1.44207e+02
2.03860e-02	2.65483e+02
2.03860e-02	2.78630e+02
2.03860e-02	2.94145e+02
2.03860e-02	3.00549e+02
2.03860e-02	3.01754e+02
2.03860e-02	3.04228e+02
2.03860e-02	3.04955e+02
2.03860e-02	3.05288e+02
2.03861e-02	3.05465e+02
2.07917e-02	3.03544e+02
2.08818e-02	3.03255e+02
2.08818e-02	3.03334e+02
2.08818e-02	3.01913e+02
2.08818e-02	2.95907e+02
2.08818e-02	2.85792e+02
2.08818e-02	2.75904e+02
2.08818e-02	2.68227e+02
2.08818e-02	2.64643e+02
2.08818e-02	2.61034e+02
2.08818e-02	2.58346e+02
2.08818e-02	2.55858e+02
2.08818e-02	1.52512e+02
2.08818e-02	2.63184e+01
2.08818e-02	6.07377e+00
2.08818e-02	-8.76178e-01
2.08824e-02	-9.87704e-01
2.32082e-02	-6.84333e-01
2.34633e-02	-5.76854e-01
2.34633e-02	-3.77403e-01
2.34639e-02	-4.88870e-01
2.45416e-02	-2.02051e-01
2.45416e-02	-5.00300e-01
2.45416e-02	-4.84728e-01
2.45416e-02	-6.59168e-01
2.47966e-02	-5.68271e-01
2.47966e-02	-3.84643e-01
2.47966e-02	1.23329e+00
2.47966e-02	1.32961e+00
2.47966e-02	4.48876e-01
2.47966e-02	6.81801e-02
2.47967e-02	-1.19021e-01
2.58749e-02	-1.04231e-01
2.58749e-02	-3.92774e-01
2.58749e-02	-3.37782e-01
2.58749e-02	-6.37191e-01
2.61300e-02	-5.36916e-01
2.61300e-02	-2.03307e-01
2.61300e-02	3.73719e-01
2.61300e-02	2.03519e+00
2.61300e-02	2.05663e+00
2.61300e-02	1.65700e+00
2.61300e-02	4.96481e-01
2.61300e-02	1.57649e-01
2.61301e-02	-2.53945e-02
2.72081e-02	-2.56990e-02
2.72081e-02	-3.56091e-01
2.72081e-02	-2.47713e-01
2.72081e-02	-6.19778e-01
2.74634e-02	-4.73623e-01
2.74634e-02	-1.39738e-01
2.74634e-02	3.63805e-01
2.74634e-02	1.92473e+00
2.74634e-02	2.33240e+00
2.74634e-02	2.09144e+00
2.74634e-02	7.84428e-01
2.74634e-02	3.80447e-01
2.74634e-02	1.29956e-01
2.74636e-02	-2.63881e-03
2.85242e-02	-5.41317e-02
2.85242e-02	-3.44172e-01
2.85242e-02	-3.31040e-01
2.85242e-02	-6.20005e-01
2.85246e-02	-4.74194e-01
2.85329e-02	-4.81818e-01
2.85329e-02	3.12422e+01
2.85329e-02	1.07517e+02
2.85329e-02	2.06143e+02
2.85329e-02	2.91282e+02
2.85329e-02	3.01389e+02
2.85329e-02	3.05856e+02
2.85329e-02	3.07014e+02
2.85329e-02	3.09026e+02
2.85329e-02	3.09704e+02
2.85329e-02	3.09903e+02
2.88467e-02	3.07213e+02
2.88467e-02	3.07255e+02
2.88467e-02	3.05411e+02
2.88467e-02	2.98623e+02
2.88467e-02	2.88257e+02
2.88467e-02	2.78821e+02
2.88467e-02	2.71814e+02
2.88467e-02	2.68661e+02
2.88467e-02	2.65724e+02
2.88467e-02	2.63447e+02
2.88467e-02	2.59168e+02
2.88467e-02	1.57961e+02
2.88467e-02	3.68420e+01
2.88467e-02	2.37880e+01
2.88467e-02	2.14629e+01
2.88467e-02	6.78836e+00
2.88467e-02	-6.39025e-01
2.88467e-02	-7.90785e-01
2.97068e-02	-7.31824e-01
2.97068e-02	6.93728e-01
2.97068e-02	8.91091e+00
2.97068e-02	5.24531e+01
2.97068e-02	1.50787e+02
2.97068e-02	2.72575e+02
2.97068e-02	2.74235e+02
2.97068e-02	2.76993e+02
2.97068e-02	2.81821e+02
2.97068e-02	2.89071e+02
2.97068e-02	2.97904e+02
2.97068e-02	3.02017e+02
2.97068e-02	3.03263e+02
2.97068e-02	3.03893e+02
2.97068e-02	3.04446e+02
2.97068e-02	3.07615e+02
2.97068e-02	3.08444e+02
2.97068e-02	3.08696e+02
2.97071e-02	3.08823e+02
3.00007e-02	3.06476e+02
3.03738e-02	3.04356e+02
3.03860e-02	3.04316e+02
3.03860e-02	3.04205e+02
3.03860e-02	3.01602e+02
3.03860e-02	2.93793e+02
3.03860e-02	2.83257e+02
3.03860e-02	2.74370e+02
3.03860e-02	2.67795e+02
3.03860e-02	2.63937e+02
3.03860e-02	2.60346e+02
3.03860e-02	2.34759e+02
3.03860e-02	1.53607e+02
3.03860e-02	2.78957e+01
3.03860e-02	7.45335e+00
3.03860e-02	-8.12519e-01
3.03862e-02	-9.40639e-01
3.08818e-02	-8.58370e-01
3.08818e-02	-6.39378e-01
3.08818e-02	4.60859e+00
3.08818e-02	3.72818e+01
3.08818e-02	1.21890e+02
3.08818e-02	2.47592e+02
3.08818e-02	2.60922e+02
3.08818e-02	2.72574e+02
3.08818e-02	2.82497e+02
3.08818e-02	2.96083e+02
3.08818e-02	3.01778e+02
3.08818e-02	3.02943e+02
3.08818e-02	3.05432e+02
3.08818e-02	3.05880e+02
3.08818e-02	3.06219e+02
3.08818e-02	3.06481e+02
3.12084e-02	3.04625e+02
3.16422e-02	3.02902e+02
3.19118e-02	3.02218e+02
3.19118e-02	3.02336e+02
3.19118e-02	3.02140e+02
3.19118e-02	3.01096e+02
3.19118e-02	2.98142e+02
3.19118e-02	2.93630e+02
3.19118e-02	2.87386e+02
3.19118e-02	2.81852e+02
3.19118e-02	2.75166e+02
3.19118e-02	2.67721e+02
3.19118e-02	2.63765e+02
3.19118e-02	2.61325e+02
3.19118e-02	2.56822e+02
3.19118e-02	2.54919e+02
3.19118e-02	2.52463e+02
3.19118e-02	2.47161e+02
3.19118e-02	2.37433e+02
3.19118e-02	2.17871e+02
3.19118e-02	1.89931e+02
3.19118e-02	1.15594e+02
3.19118e-02	5.53891e+01
3.19118e-02	2.78257e+01
3.19118e-02	1.48581e+01
3.19118e-02	7.14715e+00
3.19118e-02	2.32492e+00
3.19118e-02	9.03620e-01
3.19118e-02	-2.09353e-01
3.19118e-02	-7.97408e-01
3.19119e-02	-9.76361e-01
3.20711e-02	-9.46582e-01
3.20711e-02	-2.67720e-01
3.20711e-02	7.35939e+00
3.20711e-02	6.15274e+01
3.20711e-02	1.71474e+02
3.20711e-02	2.79099e+02
3.20711e-02	2.86939e+02
3.20711e-02	2.94178e+02
3.20711e-02	2.96503e+02
3.20711e-02	2.97485e+02
3.20711e-02	2.98020e+02
3.20711e-02	2.99224e+02
3.20712e-02	3.02252e+02
3.20712e-02	3.02785e+02
3.20712e-02	3.03136e+02
3.20713e-02	3.03318e+02
3.25421e-02	3.01981e+02
3.32080e-02	3.00920e+02
3.42584e-02	3.00209e+02
3.67618e-02	2.99874e+02
3.73232e-02	2.99939e+02
3.73232e-02	2.99800e+02
3.73232e-02	2.98891e+02
3.73232e-02	2.96331e+02
3.73232e-02	2.91734e+02
3.73232e-02	2.80321e+02
3.73232e-02	2.75337e+02
3.73232e-02	2.70092e+02
3.73232e-02	2.65424e+02
3.73232e-02	2.62255e+02
3.73232e-02	2.59472e+02
3.73232e-02	2.56966e+02
3.73232e-02	2.52826e+02
3.73232e-02	2.50003e+02
3.73232e-02	2.43729e+02
3.73232e-02	2.32792e+02
3.73232e-02	2.11132e+02
3.73232e-02	1.79066e+02
3.73232e-02	1.46137e+02
3.73232e-02	1.01631e+02
3.73232e-02	3.71502e+01
3.73232e-02	1.63257e+01
3.73232e-02	7.64375e+00
3.73232e-02	1.85106e+00
3.73232e-02	3.13391e-01
3.73232e-02	-5.57268e-01
3.73232e-02	-6.90796e-01
3.73232e-02	-1.01189e+00
3.73461e-02	-1.10028e+00
3.73461e-02	-5.61579e-01
3.73461e-02	4.37404e-01
3.73461e-02	1.57490e+01
3.73461e-02	8.38037e+01
3.73461e-02	2.11375e+02
3.73461e-02	2.27973e+02
3.73461e-02	2.53645e+02
3.73461e-02	2.73045e+02
3.73461e-02	2.85844e+02
3.73461e-02	2.92436e+02
3.73461e-02	2.93930e+02
3.73461e-02	2.94527e+02
3.73461e-02	2.95218e+02
3.73461e-02	2.98915e+02
3.73461e-02	2.99420e+02
3.73461e-02	2.99829e+02
3.73461e-02	3.00079e+02
3.85271e-02	3.00015e+02
3.85271e-02	2.99592e+02
3.85271e-02	2.97983e+02
3.85271e-02	2.93373e+02
3.85271e-02	2.87239e+02
3.85271e-02	2.81420e+02
3.85271e-02	2.74685e+02
3.85271e-02	2.69875e+02
3.85271e-02	2.63862e+02
3.85271e-02	2.60637e+02
3.85271e-02	2.58123e+02
3.85271e-02	2.51397e+02
3.85271e-02	1.29755e+02
3.85271e-02	1.76577e+01
3.85271e-02	8.94693e+00
3.85271e-02	1.69944e+00
3.85271e-02	-2.89036e-01
3.85271e-02	-8.08775e-01
3.85271e-02	-1.04058e+00
3.88467e-02	-9.65071e-01
3.88467e-02	-3.82777e-01
3.88467e-02	1.02750e+00
3.88467e-02	3.26924e+01
3.88467e-02	1.25524e+02
3.88467e-02	2.51482e+02
3.88467e-02	2.65458e+02
3.88467e-02	2.68384e+02
3.88467e-02	2.88912e+02
3.88467e-02	2.97216e+02
3.88467e-02	2.98554e+02
3.88467e-02	3.01496e+02
3.88467e-02	3.02099e+02
3.88467e-02	3.02476e+02
3.88468e-02	3.02688e+02
3.94446e-02	3.01382e+02
3.97068e-02	3.01058e+02
3.97068e-02	3.00676e+02
3.97068e-02	2.97140e+02
3.97068e-02	2.88424e+02
3.97068e-02	2.77859e+02
3.97068e-02	2.69388e+02
3.97068e-02	2.63345e+02
3.97068e-02	2.58682e+02
3.97068e-02	2.32776e+02
3.97068e-02	1.51256e+02
3.97068e-02	2.76367e+01
3.97068e-02	1.50613e+01
3.97068e-02	-8.69571e-01
3.97068e-02	-1.03652e+00
4.03860e-02	-8.39237e-01
4.03860e-02	-7.97566e-01
4.03860e-02	2.51213e+00
4.03860e-02	3.27221e+01
4.03860e-02	1.18571e+02
4.03860e-02	2.45909e+02
4.03860e-02	2.84234e+02
4.03860e-02	2.99394e+02
4.03860e-02	3.01395e+02
4.03860e-02	3.03401e+02
4.03860e-02	3.04533e+02
4.03860e-02	3.05043e+02
4.03861e-02	3.05346e+02
4.03864e-02	3.05465e+02
4.07861e-02	3.03565e+02
4.08818e-02	3.03222e+02
4.08818e-02	3.03096e+02
4.08818e-02	3.00497e+02
4.08818e-02	2.92740e+02
4.08818e-02	2.82276e+02
4.08818e-02	2.73439e+02
4.08818e-02	2.67393e+02
4.08818e-02	2.63243e+02
4.08818e-02	2.59867e+02
4.08818e-02	2.45419e+02
4.08818e-02	1.81586e+02
4.08818e-02	5.26314e+01
4.08818e-02	3.81723e+01
4.08818e-02	2.52262e+01
4.08818e-02	5.75033e+00
4.08818e-02	-8.33723e-01
4.08819e-02	-9.86602e-01
4.32082e-02	-6.78854e-01
4.34633e-02	-5.82038e-01
4.34633e-02	-3.80369e-01
4.34642e-02	-4.88723e-01
4.45416e-02	-2.43774e-01
4.45416e-02	-4.95277e-01
4.45416e-02	-4.54779e-01
4.45416e-02	-6.58768e-01
4.47966e-02	-5.68516e-01
4.47966e-02	-3.85478e-01
4.47966e-02	1.23209e+00
4.47966e-02	1.32996e+00
4.47966e-02	4.49831e-01
4.47966e-02	6.83201e-02
4.47967e-02	-1.19015e-01
4.58749e-02	-1.08417e-01
4.58749e-02	-4.32301e-01
4.58749e-02	-3.27341e-01
4.58749e-02	-6.35906e-01
4.61300e-02	-5.36902e-01
4.61300e-02	-2.03188e-01
4.61300e-02	3.73929e-01
4.61300e-02	1.86478e+00
4.61300e-02	2.05661e+00
4.61300e-02	1.65683e+00
4.61300e-02	4.96375e-01
4.61300e-02	1.57636e-01
4.61301e-02	-2.53950e-02
4.72081e-02	-8.35968e-02
4.72081e-02	-3.47135e-01
4.72081e-02	-2.96120e-01
4.72081e-02	-6.33873e-01
4.74634e-02	-4.40370e-01
4.74634e-02	-1.80135e-01
4.74634e-02	3.23568e-01
4.74634e-02	1.89775e+00
4.74634e-02	2.33385e+00
4.74634e-02	2.11616e+00
4.74634e-02	8.09396e-01
4.74634e-02	3.92982e-01
4.74634e-02	1.43138e-01
4.74636e-02	-2.63178e-03
4.85242e-02	-7.56966e-02
4.85242e-02	-3.39172e-01
4.85242e-02	-2.87922e-01
4.85242e-02	-6.30640e-01
4.85245e-02	-4.74441e-01
4.85329e-02	-4.75728e-01
4.85329e-02	5.61511e+00
4.85329e-02	4.29284e+01
4.85329e-02	1.27411e+02
4.85329e-02	2.23764e+02
4.85329e-02	2.95005e+02
4.85329e-02	2.99739e+02
4.85329e-02	3.04097e+02
4.85329e-02	3.05678e+02
4.85329e-02	3.06748e+02
4.85329e-02	3.09590e+02
4.85329e-02	3.09855e+02
4.85331e-02	3.09997e+02
4.88263e-02	3.07346e+02
4.88467e-02	3.07230e+02
4.88467e-02	3.06888e+02
4.88467e-02	3.03490e+02
4.88467e-02	2.94911e+02
4.88467e-02	2.84383e+02
4.88467e-02	2.76001e+02
4.88467e-02	2.70351e+02
4.88467e-02	2.66341e+02
4.88467e-02	2.62962e+02
4.88467e-02	2.39348e+02
4.88467e-02	1.61582e+02
4.88467e-02	3.50900e+01
4.88467e-02	3.23441e+01
4.88467e-02	2.95966e+01
4.88467e-02	2.48957e+01
4.88467e-02	1.77100e+01
4.88467e-02	1.17752e+01
4.88467e-02	8.18640e+00
4.88467e-02	5.93018e+00
4.88467e-02	3.74733e+00
4.88467e-02	2.14016e+00
4.88467e-02	9.82913e-01
4.88467e-02	-4.04556e-01
4.88467e-02	-6.80116e-01
4.88469e-02	-7.93379e-01
4.97068e-02	-6.43573e-01
4.97068e-02	7.22239e+00
4.97068e-02	3.54328e+01
4.97068e-02	1.13487e+02
4.97068e-02	2.39686e+02
4.97068e-02	2.54425e+02
4.97068e-02	2.67648e+02
4.97068e-02	2.78650e+02
4.97068e-02	2.84854e+02
4.97068e-02	2.99448e+02
4.97068e-02	3.04443e+02
4.97068e-02	3.05603e+02
4.97068e-02	3.08130e+02
4.97068e-02	3.08561e+02
4.97068e-02	3.08792e+02
5.00451e-02	3.06181e+02
5.03860e-02	3.04335e+02
5.03860e-02	3.02041e+02
5.03860e-02	2.94543e+02
5.03860e-02	2.83981e+02
5.03860e-02	2.74809e+02
5.03860e-02	2.68012e+02
5.03860e-02	2.64706e+02
5.03860e-02	2.61536e+02
5.03860e-02	2.58948e+02
5.03860e-02	2.38370e+02
5.03860e-02	1.52005e+02
5.03860e-02	3.04918e+01
5.03860e-02	1.92459e+01
5.03860e-02	7.50603e+00
5.03860e-02	-7.76418e-01
5.03861e-02	-9.37672e-01
5.08818e-02	-7.78358e-01
5.08818e-02	-1.78194e-01
5.08818e-02	3.60283e-01
5.08818e-02	1.45275e+00
5.08818e-02	3.13464e+00
5.08818e-02	4.90811e+00
5.08818e-02	1.01553e+02
5.08818e-02	2.45580e+02
5.08818e-02	2.70941e+02
5.08818e-02	2.81634e+02
5.08818e-02	2.97194e+02
5.08818e-02	3.01895e+02
5.08818e-02	3.02973e+02
5.08818e-02	3.05446e+02
5.08818e-02	3.05889e+02
5.08818e-02	3.06283e+02
5.08818e-02	3.06516e+02
5.12084e-02	3.04625e+02
5.15984e-02	3.03043e+02
5.19118e-02	3.02234e+02
5.19118e-02	3.02256e+02
5.19118e-02	3.01955e+02
5.19118e-02	3.00737e+02
5.19118e-02	2.97095e+02
5.19118e-02	2.91795e+02
5.19118e-02	2.86390e+02
5.19118e-02	2.79860e+02
5.19118e-02	2.74611e+02
5.19118e-02	2.69245e+02
5.19118e-02	2.65390e+02
5.19118e-02	2.62403e+02
5.19118e-02	2.60222e+02
5.19118e-02	2.54232e+02
5.19118e-02	2.52193e+02
5.19118e-02	2.49136e+02
5.19118e-02	2.48506e+02
5.19118e-02	2.46571e+02
5.19118e-02	2.41137e+02
5.19118e-02	2.25714e+02
5.19118e-02	1.99661e+02
5.19118e-02	1.68067e+02
5.19118e-02	1.29347e+02
5.19118e-02	7.77168e+01
5.19118e-02	3.88108e+01
5.19118e-02	2.03072e+01
5.19118e-02	1.09170e+01
5.19118e-02	3.88451e+00
5.19118e-02	1.92249e+00
5.19118e-02	3.46825e-01
5.19118e-02	-1.77242e-01
5.19118e-02	-7.71610e-01
5.19119e-02	-9.70380e-01
5.20711e-02	-9.46599e-01
5.20711e-02	-3.00243e-01
5.20711e-02	6.27526e+00
5.20711e-02	5.84379e+01
5.20711e-02	2.77843e+02
5.20711e-02	2.86789e+02
5.20711e-02	2.88235e+02
5.20711e-02	2.91353e+02
5.20711e-02	2.92278e+02
5.20711e-02	2.96729e+02
5.20711e-02	2.98825e+02
5.20711e-02	3.00755e+02
5.20712e-02	3.02389e+02
5.20712e-02	3.02829e+02
5.20712e-02	3.03171e+02
5.20713e-02	3.03318e+02
5.26077e-02	3.01842e+02
5.33390e-02	3.00784e+02
5.44893e-02	3.00133e+02
5.73232e-02	2.99883e+02
5.73232e-02	2.99942e+02
5.73232e-02	2.99492e+02
5.73232e-02	2.97872e+02
5.73232e-02	2.93682e+02
5.73232e-02	2.88472e+02
5.73232e-02	2.82478e+02
5.73232e-02	2.76652e+02
5.73232e-02	2.71372e+02
5.73232e-02	2.65805e+02
5.73232e-02	2.62265e+02
5.73232e-02	2.59338e+02
5.73232e-02	2.57001e+02
5.73232e-02	2.52853e+02
5.73232e-02	2.49855e+02
5.73232e-02	2.43194e+02
5.73232e-02	2.31667e+02
5.73232e-02	2.09640e+02
5.73232e-02	1.77657e+02
5.73232e-02	1.44124e+02
5.73232e-02	9.97472e+01
5.73232e-02	3.25616e+01
5.73232e-02	1.34118e+01
5.73232e-02	5.62725e+00
5.73232e-02	1.89115e+00
5.73232e-02	5.97160e-01
5.73232e-02	-5.95838e-01
5.73232e-02	-9.98772e-01
5.73239e-02	-1.11256e+00
5.73461e-02	-1.10865e+00
5.73461e-02	-5.66205e-01
5.73461e-02	4.67661e-01
5.73461e-02	2.18180e+01
5.73461e-02	1.00739e+02
5.73461e-02	2.30128e+02
5.73461e-02	2.45278e+02
5.73461e-02	2.66537e+02
5.73461e-02	2.80974e+02
5.73461e-02	2.89436e+02
5.73461e-02	2.92492e+02
5.73461e-02	2.93793e+02
5.73461e-02	2.94509e+02
5.73461e-02	2.95229e+02
5.73461e-02	2.98484e+02
5.73461e-02	2.99252e+02
5.73461e-02	2.99715e+02
5.73461e-02	3.00024e+02
5.85271e-02	2.99986e+02
5.85271e-02	3.00124e+02
5.85271e-02	2.99932e+02
5.85271e-02	2.98668e+02
5.85271e-02	2.95374e+02
5.85271e-02	2.90188e+02
5.85271e-02	2.84195e+02
5.85271e-02	2.78215e+02
5.85271e-02	2.69674e+02
5.85271e-02	2.63175e+02
5.85271e-02	2.59950e+02
5.85271e-02	2.57523e+02
5.85271e-02	2.53031e+02
5.85271e-02	2.49640e+02
5.85271e-02	2.42077e+02
5.85271e-02	2.28992e+02
5.85271e-02	2.05664e+02
5.85271e-02	1.72783e+02
5.85271e-02	1.38570e+02
5.85271e-02	9.03661e+01
5.85271e-02	3.99076e+01
5.85271e-02	1.93048e+01
5.85271e-02	8.41742e+00
5.85271e-02	4.54851e+00
5.85271e-02	1.57954e+00
5.85271e-02	-6.60926e-01
5.85271e-02	-1.00401e+00
5.85279e-02	-1.11249e+00
5.88467e-02	-1.00093e+00
5.88467e-02	-5.24318e-02
5.88467e-02	1.02462e+01
5.88467e-02	6.81874e+01
5.88467e-02	1.76916e+02
5.88467e-02	2.80596e+02
5.88467e-02	2.87991e+02
5.88467e-02	2.94399e+02
5.88467e-02	2.96229e+02
5.88467e-02	2.97016e+02
5.88467e-02	2.98644e+02
5.88467e-02	3.01515e+02
5.88467e-02	3.02102e+02
5.88467e-02	3.02476e+02
5.88468e-02	3.02687e+02
5.93976e-02	3.01459e+02
5.97068e-02	3.01084e+02
5.97068e-02	3.01130e+02
5.97068e-02	3.00924e+02
5.97068e-02	2.99811e+02
5.97068e-02	2.96695e+02
5.97068e-02	2.91753e+02
5.97068e-02	2.85878e+02
5.97068e-02	2.79905e+02
5.97068e-02	2.74311e+02
5.97068e-02	2.67613e+02
5.97068e-02	2.63251e+02
5.97068e-02	2.60670e+02
5.97068e-02	2.58261e+02
5.97068e-02	2.53945e+02
5.97068e-02	2.50398e+02
5.97068e-02	2.42261e+02
5.97068e-02	2.30830e+02
5.97068e-02	6.41192e+01
5.97068e-02	4.49038e+01
5.97068e-02	3.02000e+01
5.97068e-02	2.01664e+01
5.97068e-02	1.25880e+01
5.97068e-02	6.96299e+00
5.97068e-02	-9.09930e-01
5.97069e-02	-1.06995e+00
6.00000e-02	-9.83882e-01
