time	V(A,B)
0.000000000000000e+000	0.000000e+000	
3.64029e-04	-7.13664e-02
3.64035e-04	-2.11720e-01
3.64040e-04	-2.59072e-01
3.64041e-04	1.00767e+01
3.64042e-04	4.87348e+01
3.64043e-04	1.41970e+02
3.64044e-04	2.64092e+02
3.64044e-04	2.76413e+02
3.64044e-04	2.92234e+02
3.64044e-04	2.98981e+02
3.64045e-04	3.02885e+02
3.64045e-04	3.04353e+02
3.64045e-04	3.05003e+02
3.64045e-04	3.05719e+02
3.64048e-04	3.07700e+02
3.64051e-04	3.09554e+02
3.64053e-04	3.09851e+02
3.64200e-04	3.09998e+02
5.31540e-04	3.08482e+02
5.31555e-04	3.08752e+02
5.32012e-04	3.08402e+02
5.44418e-04	3.08203e+02
5.81753e-04	3.07942e+02
5.81754e-04	2.72123e+02
5.81755e-04	1.95995e+02
5.81756e-04	1.00648e+02
5.81757e-04	1.98569e+01
5.81758e-04	1.34935e+01
5.81758e-04	6.98367e+00
5.81758e-04	4.34595e+00
5.81758e-04	3.45215e+00
5.81758e-04	2.90509e+00
5.81759e-04	2.21368e+00
5.81762e-04	4.16260e-02
5.81765e-04	-1.74567e+00
5.81770e-04	-1.94058e+00
5.83656e-04	-2.04071e+00
8.07212e-04	-1.67508e+00
8.07215e-04	-1.90408e+00
8.07223e-04	-1.52570e+00
8.07224e-04	-1.06845e+00
8.07229e-04	2.54004e+00
8.07229e-04	2.93762e+00
8.07229e-04	3.36771e+00
8.07230e-04	4.10129e+00
8.07230e-04	5.68732e+00
8.07230e-04	8.11282e+00
8.07230e-04	1.29452e+01
8.07231e-04	2.01527e+01
8.07231e-04	3.02024e+01
8.07232e-04	4.32099e+01
8.07232e-04	6.50156e+01
8.07233e-04	9.06872e+01
8.07234e-04	1.29259e+02
8.07236e-04	1.77665e+02
8.07237e-04	2.35301e+02
8.07239e-04	2.81924e+02
8.07240e-04	2.96563e+02
8.07240e-04	3.02820e+02
8.07241e-04	3.05431e+02
8.07242e-04	3.06910e+02
8.07710e-04	3.07032e+02
9.23953e-04	3.06356e+02
9.23954e-04	3.06444e+02
9.23954e-04	3.06263e+02
9.23954e-04	3.05543e+02
9.23954e-04	3.03260e+02
9.23955e-04	3.00073e+02
9.23955e-04	2.90817e+02
9.23956e-04	2.84520e+02
9.23956e-04	2.77868e+02
9.23957e-04	2.70475e+02
9.23958e-04	2.66989e+02
9.23958e-04	2.64940e+02
9.23960e-04	2.58880e+02
9.23961e-04	2.55682e+02
9.23961e-04	2.48343e+02
9.23961e-04	2.35398e+02
9.23961e-04	2.12527e+02
9.23962e-04	1.80058e+02
9.23962e-04	1.47862e+02
9.23962e-04	9.94212e+01
9.23963e-04	4.13146e+01
9.23963e-04	2.09875e+01
9.23963e-04	1.20964e+01
9.23963e-04	7.04389e+00
9.23963e-04	4.33293e+00
9.23963e-04	2.91379e+00
9.23963e-04	1.31641e+00
9.23964e-04	1.00867e+00
9.23965e-04	2.21784e-02
9.24181e-04	-1.10911e-01
1.79115e-03	-7.93236e-02
1.79115e-03	-1.58547e-01
1.79115e-03	-3.56839e+01
1.79115e-03	-1.22433e+02
1.79115e-03	-2.46656e+02
1.79115e-03	-2.60797e+02
1.79115e-03	-2.81827e+02
1.79115e-03	-2.92464e+02
1.79115e-03	-3.00425e+02
1.79115e-03	-3.03825e+02
1.79115e-03	-3.04788e+02
1.79115e-03	-3.05488e+02
1.79116e-03	-3.08316e+02
1.79116e-03	-3.09457e+02
1.79116e-03	-3.09770e+02
1.79125e-03	-3.09956e+02
1.81058e-03	-3.09726e+02
1.81058e-03	-3.09699e+02
1.81058e-03	-3.09061e+02
1.81058e-03	-2.88565e+02
1.81058e-03	-2.25032e+02
1.81058e-03	-1.19045e+02
1.81058e-03	-1.99834e+01
1.81058e-03	-1.31210e+01
1.81058e-03	-7.70618e+00
1.81058e-03	-6.46347e+00
1.81058e-03	-6.01715e+00
1.81058e-03	-4.26221e+00
1.81059e-03	-1.76502e+00
1.81059e-03	-1.35419e+00
1.81059e-03	-1.05570e+00
1.81067e-03	-8.62030e-01
2.16584e-03	-5.23498e-01
2.16584e-03	-5.48340e-01
2.16584e-03	-9.78333e-01
2.16584e-03	-2.19598e+00
2.16584e-03	-4.56873e+00
2.16584e-03	-7.74115e+00
2.16585e-03	-1.77533e+01
2.16585e-03	-2.32030e+01
2.16585e-03	-2.84185e+01
2.16585e-03	-3.41422e+01
2.16585e-03	-3.79053e+01
2.16585e-03	-4.03579e+01
2.16585e-03	-4.24099e+01
2.16585e-03	-4.79977e+01
2.16585e-03	-5.05533e+01
2.16585e-03	-5.63839e+01
2.16585e-03	-6.67115e+01
2.16585e-03	-8.73318e+01
2.16585e-03	-1.14630e+02
2.16585e-03	-1.47216e+02
2.16585e-03	-1.88536e+02
2.16585e-03	-2.50825e+02
2.16585e-03	-2.77791e+02
2.16585e-03	-2.91348e+02
2.16585e-03	-3.02958e+02
2.16586e-03	-3.06991e+02
2.16668e-03	-3.07092e+02
2.24412e-03	-3.06673e+02
2.24412e-03	-3.06787e+02
2.24412e-03	-3.06671e+02
2.24412e-03	-3.06261e+02
2.24413e-03	-2.95267e+02
2.24413e-03	-2.84501e+02
2.24413e-03	-2.75852e+02
2.24413e-03	-2.69534e+02
2.24413e-03	-2.62142e+02
2.24413e-03	-2.32364e+02
2.24413e-03	-1.45824e+02
2.24413e-03	-2.82216e+01
2.24413e-03	-1.80724e+01
2.24413e-03	-9.03246e+00
2.24413e-03	-5.30265e+00
2.24413e-03	-5.08816e+00
2.24414e-03	-1.34553e-01
2.24422e-03	1.04429e-02
3.02599e-03	-8.21751e-03
3.02599e-03	-1.96471e+01
3.02599e-03	-8.50426e+01
3.02599e-03	-1.90931e+02
3.02599e-03	-2.90856e+02
3.02600e-03	-3.00322e+02
3.02600e-03	-3.04469e+02
3.02600e-03	-3.05526e+02
3.02600e-03	-3.07996e+02
3.02600e-03	-3.08499e+02
3.02603e-03	-3.08744e+02
3.29186e-03	-3.06844e+02
3.55598e-03	-3.05266e+02
3.69737e-03	-3.04657e+02
3.69737e-03	-3.04776e+02
3.69737e-03	-3.04682e+02
3.69737e-03	-3.04368e+02
3.69737e-03	-2.82890e+02
3.69737e-03	-2.74107e+02
3.69737e-03	-2.67646e+02
3.69737e-03	-2.63649e+02
3.69737e-03	-2.59036e+02
3.69738e-03	-2.19991e+02
3.69738e-03	-1.24060e+02
3.69738e-03	-1.80625e+01
3.69738e-03	-9.73092e+00
3.69738e-03	1.40842e-01
3.69743e-03	3.04659e-01
4.25729e-03	2.60058e-01
4.25729e-03	2.02641e-01
4.25729e-03	-5.65246e+00
4.25729e-03	-3.33254e+01
4.25730e-03	-1.08163e+02
4.25730e-03	-2.31601e+02
4.25730e-03	-2.47447e+02
4.25730e-03	-2.72895e+02
4.25730e-03	-2.87200e+02
4.25730e-03	-2.88815e+02
4.25730e-03	-2.98387e+02
4.25730e-03	-3.02544e+02
4.25730e-03	-3.03570e+02
4.25730e-03	-3.06227e+02
4.25731e-03	-3.06707e+02
4.25732e-03	-3.06987e+02
4.54119e-03	-3.05305e+02
4.54119e-03	-3.05462e+02
4.79688e-03	-3.04254e+02
4.79688e-03	-3.03455e+02
4.79688e-03	-3.03837e+02
4.79703e-03	-3.03987e+02
5.14390e-03	-3.02798e+02
5.14390e-03	-3.00606e+02
5.14391e-03	-2.93240e+02
5.14391e-03	-2.82684e+02
5.14391e-03	-2.73381e+02
5.14391e-03	-2.66381e+02
5.14391e-03	-2.62915e+02
5.14391e-03	-2.56268e+02
5.14391e-03	-2.48029e+02
5.14391e-03	-2.34294e+02
5.14391e-03	-2.06328e+02
5.14391e-03	-1.68938e+02
5.14391e-03	-1.32595e+02
5.14391e-03	-8.61305e+01
5.14391e-03	-3.95113e+01
5.14391e-03	-1.99262e+01
5.14391e-03	-1.07722e+01
5.14391e-03	-4.00159e+00
5.14391e-03	-2.11812e+00
5.14391e-03	-2.66129e-01
5.14391e-03	1.54257e-01
5.14391e-03	5.85427e-01
5.14392e-03	7.61901e-01
5.49918e-03	7.53446e-01
5.49918e-03	5.05393e-02
5.49918e-03	-2.21055e+01
5.49919e-03	-1.01073e+02
5.49919e-03	-2.28452e+02
5.49919e-03	-2.44028e+02
5.49919e-03	-2.68487e+02
5.49919e-03	-2.82600e+02
5.49919e-03	-2.92757e+02
5.49919e-03	-2.97693e+02
5.49919e-03	-2.99027e+02
5.49919e-03	-2.99608e+02
5.49919e-03	-3.00145e+02
5.49919e-03	-3.03501e+02
5.49920e-03	-3.04315e+02
5.49920e-03	-3.04697e+02
5.49926e-03	-3.04914e+02
5.87438e-03	-3.03331e+02
5.87438e-03	-3.03679e+02
5.87439e-03	-3.03617e+02
5.87439e-03	-3.03840e+02
6.13047e-03	-3.02950e+02
6.13048e-03	-3.01752e+02
6.13048e-03	-3.01044e+02
6.13048e-03	-3.00678e+02
6.13048e-03	-3.00910e+02
6.13048e-03	-3.01981e+02
6.13048e-03	-3.02306e+02
6.13058e-03	-3.02486e+02
6.55994e-03	-3.01525e+02
6.55994e-03	-3.00999e+02
6.55995e-03	-2.99359e+02
6.55995e-03	-2.95296e+02
6.55995e-03	-2.90324e+02
6.55995e-03	-2.84704e+02
6.55995e-03	-2.78654e+02
6.55995e-03	-2.73947e+02
6.55995e-03	-2.69869e+02
6.55995e-03	-2.67134e+02
6.55995e-03	-2.64412e+02
6.55995e-03	-2.62158e+02
6.55995e-03	-2.60146e+02
6.55995e-03	-2.54872e+02
6.55995e-03	-2.51907e+02
6.55995e-03	-2.46902e+02
6.55995e-03	-2.36753e+02
6.55995e-03	-2.15173e+02
6.55995e-03	-1.86000e+02
6.55995e-03	-1.51119e+02
6.55995e-03	-1.11157e+02
6.55995e-03	-4.56225e+01
6.55995e-03	-2.17754e+01
6.55995e-03	-1.14611e+01
6.55995e-03	-3.15396e+00
6.55995e-03	-2.76495e+00
6.55996e-03	8.67736e-01
6.56008e-03	1.00965e+00
6.76532e-03	9.85791e-01
6.76532e-03	8.19064e-02
6.76532e-03	-1.23657e+01
6.76532e-03	-7.47848e+01
6.76532e-03	-2.01049e+02
6.76532e-03	-2.18649e+02
6.76532e-03	-2.47955e+02
6.76532e-03	-2.71063e+02
6.76532e-03	-2.86946e+02
6.76532e-03	-2.94871e+02
6.76532e-03	-2.96885e+02
6.76533e-03	-2.97563e+02
6.76533e-03	-2.98180e+02
6.76533e-03	-3.01967e+02
6.76533e-03	-3.02547e+02
6.76534e-03	-3.02922e+02
6.76542e-03	-3.03118e+02
7.19820e-03	-3.01996e+02
7.19821e-03	-3.02330e+02
7.19821e-03	-3.02239e+02
7.19822e-03	-3.02539e+02
7.24842e-03	-3.02379e+02
7.24842e-03	-3.01553e+02
7.24842e-03	-2.75379e+02
7.24842e-03	-2.02716e+02
7.24842e-03	-1.03412e+02
7.24842e-03	-1.54746e+01
7.24842e-03	-8.44699e+00
7.24842e-03	-3.24921e-01
7.24842e-03	2.86569e+00
7.24842e-03	4.60220e+00
7.24843e-03	6.27283e+00
7.24843e-03	7.50165e+00
7.24843e-03	7.83835e+00
7.24843e-03	8.05884e+00
7.24875e-03	8.16385e+00
7.47388e-03	6.53006e+00
7.47388e-03	6.76614e+00
7.47389e-03	6.41571e+00
7.47389e-03	6.04456e+00
7.47389e-03	2.55499e+00
7.47389e-03	2.03082e+00
7.47389e-03	1.43430e+00
7.47389e-03	8.15796e-01
7.47389e-03	-1.77809e+01
7.47390e-03	-4.23206e+01
7.47390e-03	-7.25098e+01
7.47390e-03	-1.05951e+02
7.47390e-03	-1.53134e+02
7.47390e-03	-2.05007e+02
7.47390e-03	-2.52518e+02
7.47390e-03	-2.81596e+02
7.47390e-03	-2.95935e+02
7.47390e-03	-3.00751e+02
7.47391e-03	-3.02119e+02
7.93148e-03	-3.01591e+02
7.93148e-03	-3.01170e+02
7.93148e-03	-2.99663e+02
7.93148e-03	-2.95685e+02
7.93149e-03	-2.90741e+02
7.93149e-03	-2.84906e+02
7.93149e-03	-2.78921e+02
7.93149e-03	-2.73582e+02
7.93149e-03	-2.68225e+02
7.93149e-03	-2.64537e+02
7.93149e-03	-2.61527e+02
7.93149e-03	-2.59290e+02
7.93149e-03	-2.55034e+02
7.93149e-03	-2.48923e+02
7.93149e-03	-2.37644e+02
7.93149e-03	-2.17198e+02
7.93149e-03	-1.85724e+02
7.93149e-03	-1.47236e+02
7.93149e-03	-1.09779e+02
7.93149e-03	-4.58046e+01
7.93149e-03	-2.22084e+01
7.93149e-03	-1.18860e+01
7.93149e-03	-3.91935e+00
7.93149e-03	-1.85593e+00
7.93149e-03	-4.19372e-01
7.93149e-03	1.66568e-02
7.93149e-03	2.53673e-01
7.93166e-03	3.89756e-01
8.06787e-03	3.00639e-01
8.06787e-03	-3.86819e-01
8.06788e-03	-1.71320e+00
8.06788e-03	-2.15963e+00
8.06788e-03	-2.92566e+00
8.06788e-03	-1.21404e+02
8.06788e-03	-2.49207e+02
8.06788e-03	-2.62723e+02
8.06788e-03	-2.80746e+02
8.06788e-03	-2.89771e+02
8.06788e-03	-2.94570e+02
8.06788e-03	-2.96226e+02
8.06788e-03	-2.97033e+02
8.06788e-03	-2.97607e+02
8.06789e-03	-3.01314e+02
8.06789e-03	-3.01993e+02
8.06789e-03	-3.02392e+02
8.06793e-03	-3.02642e+02
8.45782e-03	-3.01980e+02
8.45782e-03	-3.00966e+02
8.45782e-03	-2.78085e+02
8.45782e-03	-2.08218e+02
8.45782e-03	-8.82651e+01
8.45782e-03	-7.20957e+01
8.45782e-03	-4.43042e+01
8.45782e-03	-2.26264e+01
8.45782e-03	-8.88184e+00
8.45782e-03	-1.43939e+00
8.45782e-03	1.66873e+00
8.45782e-03	2.69846e+00
8.45782e-03	3.15216e+00
8.45782e-03	4.22418e+00
8.45783e-03	6.78949e+00
8.45783e-03	7.59558e+00
8.45784e-03	7.82095e+00
8.45829e-03	7.93307e+00
8.76484e-03	5.78537e+00
8.91079e-03	5.07150e+00
8.91079e-03	5.12109e+00
8.91079e-03	4.96786e+00
8.91079e-03	4.30701e+00
8.91079e-03	2.79471e+00
8.91079e-03	-9.27426e+00
8.91079e-03	-1.98277e+01
8.91079e-03	-2.76018e+01
8.91080e-03	-3.27759e+01
8.91080e-03	-3.65543e+01
8.91080e-03	-4.00033e+01
8.91080e-03	-7.17434e+01
8.91080e-03	-1.60703e+02
8.91080e-03	-2.75815e+02
8.91080e-03	-2.85319e+02
8.91080e-03	-2.94335e+02
8.91080e-03	-3.01457e+02
8.91084e-03	-3.01618e+02
9.25582e-03	-3.01346e+02
9.25582e-03	-3.01475e+02
9.25582e-03	-3.01337e+02
9.25582e-03	-3.00331e+02
9.25582e-03	-2.97614e+02
9.25582e-03	-2.93047e+02
9.25582e-03	-2.81810e+02
9.25582e-03	-2.74937e+02
9.25582e-03	-2.67240e+02
9.25583e-03	-2.62814e+02
9.25583e-03	-2.60297e+02
9.25583e-03	-2.55348e+02
9.25583e-03	-2.51299e+02
9.25583e-03	-2.44562e+02
9.25583e-03	-2.31629e+02
9.25583e-03	-2.06928e+02
9.25583e-03	-1.74122e+02
9.25583e-03	-1.39618e+02
9.25583e-03	-9.27561e+01
9.25583e-03	-4.06466e+01
9.25583e-03	-2.00482e+01
9.25583e-03	-1.05581e+01
9.25583e-03	-3.62980e+00
9.25583e-03	-1.80888e+00
9.25583e-03	-4.95357e-01
9.25583e-03	-9.31767e-02
9.25583e-03	1.64105e-01
9.25611e-03	2.85451e-01
9.41554e-03	1.97093e-01
9.41554e-03	-5.15057e-01
9.41555e-03	-1.79172e+00
9.41555e-03	-2.09195e+00
9.41555e-03	-3.07279e+00
9.41555e-03	-3.85291e+00
9.41555e-03	-1.21748e+02
9.41555e-03	-2.49098e+02
9.41555e-03	-2.62610e+02
9.41555e-03	-2.80673e+02
9.41555e-03	-2.89726e+02
9.41555e-03	-2.94555e+02
9.41555e-03	-2.96222e+02
9.41555e-03	-2.97028e+02
9.41555e-03	-2.97603e+02
9.41556e-03	-3.01308e+02
9.41556e-03	-3.01989e+02
9.41556e-03	-3.02392e+02
9.41560e-03	-3.02644e+02
9.69266e-03	-3.02166e+02
9.69266e-03	-2.97087e+02
9.69266e-03	-2.65071e+02
9.69266e-03	-1.80851e+02
9.69266e-03	-5.64255e+01
9.69266e-03	-4.19202e+01
9.69266e-03	-1.85921e+01
9.69266e-03	-4.08414e+00
9.69266e-03	2.00204e+00
9.69266e-03	3.24225e+00
9.69267e-03	5.77856e+00
9.69267e-03	6.18582e+00
9.69267e-03	6.47693e+00
9.69275e-03	6.67145e+00
1.00485e-02	4.62354e+00
1.03640e-02	3.36847e+00
1.03640e-02	2.94327e+00
1.03640e-02	1.63785e+00
1.03640e-02	-1.35980e+00
1.03640e-02	-5.13251e+00
1.03640e-02	-1.62366e+01
1.03640e-02	-2.10714e+01
1.03640e-02	-2.63175e+01
1.03640e-02	-3.06163e+01
1.03640e-02	-3.41939e+01
1.03640e-02	-3.66132e+01
1.03640e-02	-3.86519e+01
1.03640e-02	-4.41149e+01
1.03640e-02	-4.62440e+01
1.03640e-02	-6.07942e+01
1.03640e-02	-1.80413e+02
1.03640e-02	-2.67195e+02
1.03640e-02	-3.01384e+02
1.03641e-02	-3.01551e+02
1.05388e-02	-3.01465e+02
1.05388e-02	-3.01574e+02
1.05388e-02	-3.01293e+02
1.05388e-02	-2.99901e+02
1.05388e-02	-2.95807e+02
1.05388e-02	-2.89846e+02
1.05388e-02	-2.83991e+02
1.05388e-02	-2.77960e+02
1.05388e-02	-2.71164e+02
1.05388e-02	-2.64367e+02
1.05388e-02	-2.61216e+02
1.05388e-02	-2.58868e+02
1.05388e-02	-2.54147e+02
1.05388e-02	-2.50107e+02
1.05388e-02	-2.40608e+02
1.05388e-02	-2.24135e+02
1.05388e-02	-1.97555e+02
1.05388e-02	-1.61398e+02
1.05388e-02	-1.26776e+02
1.05388e-02	-6.88211e+01
1.05388e-02	-3.34153e+01
1.05388e-02	-1.73623e+01
1.05388e-02	-8.85829e+00
1.05388e-02	-3.18897e+00
1.05388e-02	-1.59279e+00
1.05388e-02	-4.94161e-01
1.05388e-02	-1.25792e-01
1.05388e-02	9.37489e-02
1.08104e-02	8.96276e-02
1.08104e-02	-6.04853e-01
1.08104e-02	-1.52164e+00
1.08104e-02	-4.56615e+00
1.08104e-02	-1.08305e+01
1.08104e-02	-1.56266e+01
1.08104e-02	-1.64852e+01
1.08104e-02	-1.20193e+02
1.08104e-02	-2.44436e+02
1.08104e-02	-2.58596e+02
1.08104e-02	-2.78843e+02
1.08104e-02	-2.88743e+02
1.08104e-02	-2.94911e+02
1.08104e-02	-2.97139e+02
1.08104e-02	-2.97923e+02
1.08104e-02	-2.98450e+02
1.08104e-02	-3.01378e+02
1.08104e-02	-3.02478e+02
1.08104e-02	-3.03040e+02
1.08104e-02	-3.03415e+02
1.08105e-02	-3.03614e+02
1.09240e-02	-3.03207e+02
1.09240e-02	-3.02552e+02
1.09240e-02	-3.02335e+02
1.09240e-02	-2.59910e+02
1.09240e-02	-1.68469e+02
1.09240e-02	-4.34924e+01
1.09240e-02	-3.03824e+01
1.09240e-02	-1.35186e+01
1.09240e-02	-6.56570e+00
1.09240e-02	-2.96637e+00
1.09240e-02	-1.56732e+00
1.09240e-02	-1.02307e+00
1.09240e-02	-3.24188e-01
1.09240e-02	3.21268e+00
1.09240e-02	3.73920e+00
1.09240e-02	4.01682e+00
1.09269e-02	4.10687e+00
1.13831e-02	2.56439e+00
1.17911e-02	1.61807e+00
1.17911e-02	1.51132e+00
1.17911e-02	1.79718e+00
1.17911e-02	3.16446e+00
1.17911e-02	7.13925e+00
1.17911e-02	1.24045e+01
1.17911e-02	1.84086e+01
1.17911e-02	2.43643e+01
1.17911e-02	3.11286e+01
1.17911e-02	3.81807e+01
1.17911e-02	4.13888e+01
1.17911e-02	4.37005e+01
1.17912e-02	4.83723e+01
1.17912e-02	5.37642e+01
1.17912e-02	6.44402e+01
1.17912e-02	8.35744e+01
1.17912e-02	1.13548e+02
1.17912e-02	1.51388e+02
1.17912e-02	1.87303e+02
1.17912e-02	2.51520e+02
1.17912e-02	2.78033e+02
1.17912e-02	2.89984e+02
1.17912e-02	2.97715e+02
1.17912e-02	3.00591e+02
1.17912e-02	3.02414e+02
1.17912e-02	3.03389e+02
1.17912e-02	3.03599e+02
1.18106e-02	3.03696e+02
1.18106e-02	3.03281e+02
1.18106e-02	3.01779e+02
1.18106e-02	2.97183e+02
1.18106e-02	2.91498e+02
1.18106e-02	2.86008e+02
1.18106e-02	2.79608e+02
1.18106e-02	2.74431e+02
1.18106e-02	2.67903e+02
1.18106e-02	2.64678e+02
1.18106e-02	2.62372e+02
1.18106e-02	2.56449e+02
1.18106e-02	2.53191e+02
1.18106e-02	2.45765e+02
1.18106e-02	2.33127e+02
1.18106e-02	2.09958e+02
1.18106e-02	1.76971e+02
1.18106e-02	1.43842e+02
1.18106e-02	9.64529e+01
1.18106e-02	4.22802e+01
1.18106e-02	2.14593e+01
1.18106e-02	1.20845e+01
1.18106e-02	4.97426e+00
1.18106e-02	3.03820e+00
1.18106e-02	1.14246e+00
1.18106e-02	4.44421e-01
1.18106e-02	1.95121e-01
1.18107e-02	5.61024e-02
1.21658e-02	8.70255e-02
1.21659e-02	6.30627e-01
1.21659e-02	9.98532e+00
1.21659e-02	6.31899e+01
1.21659e-02	1.68731e+02
1.21659e-02	2.79660e+02
1.21659e-02	2.88400e+02
1.21659e-02	2.96533e+02
1.21659e-02	2.98968e+02
1.21659e-02	2.99913e+02
1.21659e-02	3.00479e+02
1.21659e-02	3.01037e+02
1.21659e-02	3.04462e+02
1.21659e-02	3.05186e+02
1.21659e-02	3.05546e+02
1.21659e-02	3.05741e+02
1.22441e-02	3.05279e+02
1.22441e-02	3.04781e+02
1.22441e-02	2.99616e+02
1.22441e-02	2.56043e+02
1.22441e-02	1.53758e+02
1.22441e-02	3.37906e+01
1.22441e-02	2.33043e+01
1.22441e-02	1.22607e+01
1.22441e-02	7.96811e+00
1.22441e-02	6.40466e+00
1.22441e-02	5.78467e+00
1.22441e-02	5.19220e+00
1.22441e-02	1.75650e+00
1.22441e-02	8.66516e-01
1.22441e-02	4.40521e-01
1.22442e-02	1.85089e-01
1.30260e-02	3.16772e-02
1.30260e-02	-1.62567e-01
1.30260e-02	6.12085e+00
1.30260e-02	1.58668e+01
1.30260e-02	2.61151e+01
1.30260e-02	3.43512e+01
1.30260e-02	3.83636e+01
1.30260e-02	4.19205e+01
1.30260e-02	4.48862e+01
1.30260e-02	4.83898e+01
1.30260e-02	5.32427e+01
1.30260e-02	6.34182e+01
1.30260e-02	8.58982e+01
1.30260e-02	1.15746e+02
1.30260e-02	1.51624e+02
1.30260e-02	1.92181e+02
1.30260e-02	2.56849e+02
1.30260e-02	2.82082e+02
1.30260e-02	3.02716e+02
1.30260e-02	3.02883e+02
1.32266e-02	3.02542e+02
1.32266e-02	3.02644e+02
1.32266e-02	3.02355e+02
1.32266e-02	3.01031e+02
1.32266e-02	2.97187e+02
1.32266e-02	2.92099e+02
1.32266e-02	2.86250e+02
1.32266e-02	2.80207e+02
1.32266e-02	2.73698e+02
1.32266e-02	2.66307e+02
1.32266e-02	2.63027e+02
1.32266e-02	2.60756e+02
1.32266e-02	2.56283e+02
1.32266e-02	2.52583e+02
1.32266e-02	2.46385e+02
1.32266e-02	2.34249e+02
1.32266e-02	2.10294e+02
1.32266e-02	1.77418e+02
1.32266e-02	1.44275e+02
1.32266e-02	9.75157e+01
1.32266e-02	3.86771e+01
1.32266e-02	1.85280e+01
1.32266e-02	9.86207e+00
1.32266e-02	3.79853e+00
1.32266e-02	2.12453e+00
1.32266e-02	1.17849e+00
1.32266e-02	4.64796e-01
1.32266e-02	1.72155e-01
1.32266e-02	-1.05716e-02
1.34320e-02	-7.67314e-02
1.34320e-02	8.77684e-01
1.34320e-02	1.60399e+01
1.34320e-02	8.30929e+01
1.34320e-02	2.09575e+02
1.34320e-02	2.26602e+02
1.34320e-02	2.54622e+02
1.34320e-02	2.74824e+02
1.34320e-02	2.88806e+02
1.34320e-02	2.96555e+02
1.34320e-02	2.97188e+02
1.34320e-02	2.97678e+02
1.34320e-02	2.98294e+02
1.34320e-02	2.98783e+02
1.34320e-02	2.99962e+02
1.34320e-02	3.02913e+02
1.34320e-02	3.03461e+02
1.34320e-02	3.03825e+02
1.34321e-02	3.04012e+02
1.36974e-02	3.03219e+02
1.36974e-02	3.02851e+02
1.36974e-02	2.94546e+02
1.36974e-02	2.43644e+02
1.36974e-02	1.38675e+02
1.36974e-02	2.48368e+01
1.36974e-02	1.44983e+01
1.36974e-02	5.11734e+00
1.36974e-02	1.04730e+00
1.36974e-02	4.23584e-02
1.36974e-02	-2.54868e+00
1.36974e-02	-3.07251e+00
1.36974e-02	-3.38293e+00
1.36976e-02	-3.52271e+00
1.42256e-02	-2.04224e+00
1.42573e-02	-2.07220e+00
1.42573e-02	-2.19955e+00
1.42573e-02	-2.06265e+00
1.42573e-02	-1.25247e+00
1.42573e-02	9.32556e-01
1.42573e-02	4.71317e+00
1.42573e-02	1.46094e+01
1.42573e-02	2.19853e+01
1.42573e-02	2.98539e+01
1.42573e-02	3.53238e+01
1.42573e-02	3.80755e+01
1.42573e-02	4.06315e+01
1.42573e-02	4.51657e+01
1.42573e-02	5.15314e+01
1.42573e-02	6.30124e+01
1.42573e-02	8.54264e+01
1.42573e-02	1.17446e+02
1.42573e-02	1.56659e+02
1.42573e-02	1.94939e+02
1.42573e-02	2.64494e+02
1.42573e-02	2.77153e+02
1.42573e-02	2.87175e+02
1.42573e-02	3.02028e+02
1.42573e-02	3.02192e+02
1.45981e-02	3.01758e+02
1.45982e-02	3.01940e+02
1.45982e-02	3.01477e+02
1.45982e-02	2.99971e+02
1.45982e-02	2.96870e+02
1.45982e-02	2.92666e+02
1.45982e-02	2.86743e+02
1.45982e-02	2.80221e+02
1.45982e-02	2.72234e+02
1.45982e-02	2.64979e+02
1.45982e-02	2.61752e+02
1.45982e-02	2.59137e+02
1.45982e-02	2.53811e+02
1.45982e-02	2.50659e+02
1.45982e-02	2.43586e+02
1.45982e-02	2.28779e+02
1.45982e-02	2.05962e+02
1.45982e-02	1.74268e+02
1.45982e-02	1.39053e+02
1.45982e-02	8.87338e+01
1.45982e-02	4.04918e+01
1.45982e-02	2.04320e+01
1.45982e-02	1.09461e+01
1.45982e-02	3.95502e+00
1.45982e-02	2.08759e+00
1.45982e-02	6.48536e-01
1.45982e-02	1.98889e-01
1.45982e-02	-5.18243e-02
1.45984e-02	-1.78704e-01
1.47345e-02	-1.13767e-01
1.47345e-02	5.91731e-01
1.47345e-02	1.85262e+00
1.47345e-02	2.78285e+00
1.47345e-02	4.80481e+00
1.47345e-02	6.27998e+00
1.47345e-02	9.47123e+00
1.47345e-02	1.45253e+02
1.47345e-02	2.67368e+02
1.47345e-02	2.78063e+02
1.47345e-02	2.89469e+02
1.47345e-02	2.94541e+02
1.47345e-02	2.96289e+02
1.47345e-02	2.97096e+02
1.47345e-02	2.97747e+02
1.47346e-02	3.01217e+02
1.47346e-02	3.02065e+02
1.47346e-02	3.02527e+02
1.47346e-02	3.02812e+02
1.51439e-02	3.02036e+02
1.51439e-02	3.01671e+02
1.51439e-02	2.68189e+02
1.51439e-02	1.82760e+02
1.51439e-02	5.64659e+01
1.51439e-02	4.19362e+01
1.51439e-02	1.89830e+01
1.51439e-02	1.73084e+01
1.51439e-02	1.46659e+01
1.51439e-02	1.16181e+01
1.51439e-02	1.96692e+00
1.51439e-02	-1.58420e+00
1.51439e-02	-2.56900e+00
1.51439e-02	-5.17407e+00
1.51439e-02	-5.61957e+00
1.51439e-02	-5.88361e+00
1.54992e-02	-4.20822e+00
1.54992e-02	-4.14313e+00
1.54992e-02	-3.57629e+00
1.54992e-02	-1.97946e+00
1.54992e-02	8.37585e-01
1.54992e-02	4.49313e+00
1.54992e-02	1.56468e+01
1.54992e-02	2.13648e+01
1.54992e-02	2.62084e+01
1.54992e-02	3.13656e+01
1.54992e-02	3.45770e+01
1.54992e-02	3.67485e+01
1.54992e-02	4.26314e+01
1.54992e-02	4.64894e+01
1.54992e-02	5.07106e+01
1.54992e-02	2.16128e+02
1.54992e-02	2.50577e+02
1.54992e-02	2.72196e+02
1.54992e-02	2.80913e+02
1.54992e-02	2.87524e+02
1.54992e-02	2.91986e+02
1.54992e-02	2.94368e+02
1.54992e-02	3.01581e+02
1.54992e-02	3.01733e+02
1.59225e-02	3.01367e+02
1.59225e-02	3.01408e+02
1.59225e-02	3.01118e+02
1.59225e-02	2.99791e+02
1.59225e-02	2.96047e+02
1.59225e-02	2.90548e+02
1.59225e-02	2.84170e+02
1.59225e-02	2.77876e+02
1.59225e-02	2.72609e+02
1.59225e-02	2.65954e+02
1.59225e-02	2.62343e+02
1.59225e-02	2.59954e+02
1.59225e-02	2.55406e+02
1.59225e-02	2.53132e+02
1.59225e-02	2.50444e+02
1.59225e-02	2.44362e+02
1.59225e-02	2.32077e+02
1.59225e-02	2.12044e+02
1.59225e-02	1.82028e+02
1.59225e-02	1.47948e+02
1.59225e-02	1.03198e+02
1.59225e-02	3.85035e+01
1.59225e-02	1.76162e+01
1.59225e-02	8.92878e+00
1.59225e-02	3.01325e+00
1.59225e-02	1.41566e+00
1.59225e-02	3.73288e-01
1.59225e-02	2.32919e-02
1.59225e-02	-1.86649e-01
1.60822e-02	-1.91210e-01
1.60822e-02	5.28634e-01
1.60822e-02	1.90661e+00
1.60822e-02	3.36994e+00
1.60822e-02	1.21469e+02
1.60822e-02	2.48384e+02
1.60822e-02	2.61965e+02
1.60822e-02	2.80284e+02
1.60822e-02	2.89476e+02
1.60822e-02	2.94475e+02
1.60822e-02	2.96220e+02
1.60822e-02	2.96988e+02
1.60822e-02	2.97562e+02
1.60822e-02	3.01230e+02
1.60822e-02	3.01968e+02
1.60822e-02	3.02402e+02
1.60823e-02	3.02659e+02
1.66927e-02	3.01697e+02
1.72055e-02	3.01197e+02
1.72055e-02	3.01337e+02
1.72055e-02	3.01162e+02
1.72055e-02	2.99993e+02
1.72055e-02	2.96952e+02
1.72055e-02	2.92040e+02
1.72055e-02	2.86392e+02
1.72055e-02	2.80483e+02
1.72055e-02	2.72146e+02
1.72055e-02	2.65203e+02
1.72055e-02	2.61865e+02
1.72055e-02	2.59500e+02
1.72055e-02	2.54517e+02
1.72055e-02	2.45969e+02
1.72055e-02	2.29679e+02
1.72055e-02	1.97043e+02
1.72055e-02	1.56555e+02
1.72055e-02	1.17501e+02
1.72055e-02	6.89069e+01
1.72055e-02	3.55534e+01
1.72055e-02	1.86917e+01
1.72055e-02	9.61268e+00
1.72055e-02	3.33015e+00
1.72055e-02	1.60657e+00
1.72055e-02	3.18845e-01
1.72055e-02	-7.07399e-02
1.72055e-02	-3.60007e-01
1.74770e-02	-3.29298e-01
1.74770e-02	3.62783e-01
1.74770e-02	1.29506e+00
1.74770e-02	2.46580e+00
1.74770e-02	6.33241e+00
1.74770e-02	1.04741e+01
1.74770e-02	1.38226e+01
1.74770e-02	1.07380e+02
1.74770e-02	2.31657e+02
1.74770e-02	2.47001e+02
1.74770e-02	2.70844e+02
1.74770e-02	2.83539e+02
1.74770e-02	2.92355e+02
1.74770e-02	2.96384e+02
1.74770e-02	2.97519e+02
1.74770e-02	2.98152e+02
1.74770e-02	2.99951e+02
1.74770e-02	3.02258e+02
1.74770e-02	3.02799e+02
1.74770e-02	3.03163e+02
1.74771e-02	3.03360e+02
1.78745e-02	3.02319e+02
1.78745e-02	3.02454e+02
1.81302e-02	3.01903e+02
1.81302e-02	3.01379e+02
1.81302e-02	3.01595e+02
1.84578e-02	3.01216e+02
1.84578e-02	3.01142e+02
1.84578e-02	3.00254e+02
1.84578e-02	2.97695e+02
1.84578e-02	2.93139e+02
1.84578e-02	2.82134e+02
1.84578e-02	2.76356e+02
1.84578e-02	2.69856e+02
1.84578e-02	2.64322e+02
1.84578e-02	2.61437e+02
1.84578e-02	2.58792e+02
1.84578e-02	2.54295e+02
1.84578e-02	2.51259e+02
1.84578e-02	2.44953e+02
1.84578e-02	2.33599e+02
1.84578e-02	2.11112e+02
1.84578e-02	1.79226e+02
1.84578e-02	3.02589e+01
1.84578e-02	1.97168e+01
1.84578e-02	-6.31337e-01
1.84578e-02	-7.99383e-01
1.89108e-02	-7.43266e-01
1.89108e-02	-1.61149e-01
1.89108e-02	1.12641e+01
1.89108e-02	7.13345e+01
1.89108e-02	1.95937e+02
1.89108e-02	2.13788e+02
1.89108e-02	2.44381e+02
1.89108e-02	2.70069e+02
1.89108e-02	2.86587e+02
1.89108e-02	2.95526e+02
1.89108e-02	2.98245e+02
1.89108e-02	2.98967e+02
1.89108e-02	2.99484e+02
1.89108e-02	3.02835e+02
1.89108e-02	3.03708e+02
1.89108e-02	3.04113e+02
1.89109e-02	3.04366e+02
1.92077e-02	3.03253e+02
1.92077e-02	3.03529e+02
1.92077e-02	3.03531e+02
1.92077e-02	3.03729e+02
1.94638e-02	3.02852e+02
1.94638e-02	3.00952e+02
1.94638e-02	3.00675e+02
1.94638e-02	3.00976e+02
1.94638e-02	3.01982e+02
1.94638e-02	3.02263e+02
1.94640e-02	3.02408e+02
1.96927e-02	3.01937e+02
1.96927e-02	3.01973e+02
1.96927e-02	3.01649e+02
1.96927e-02	3.00312e+02
1.96927e-02	2.96588e+02
1.96927e-02	2.91247e+02
1.96927e-02	2.85373e+02
1.96927e-02	2.79042e+02
1.96927e-02	2.73832e+02
1.96927e-02	2.66573e+02
1.96927e-02	2.62947e+02
1.96927e-02	2.60680e+02
1.96927e-02	2.54660e+02
1.96927e-02	2.52028e+02
1.96927e-02	2.48310e+02
1.96927e-02	9.57987e+01
1.96927e-02	7.69984e+01
1.96927e-02	4.22902e+01
1.96927e-02	2.37115e+01
1.96927e-02	-7.36428e-01
1.96927e-02	-9.17808e-01
2.03640e-02	-8.36671e-01
2.03640e-02	-7.77477e-01
2.03640e-02	2.49871e+00
2.03640e-02	3.51895e+01
2.03640e-02	1.25051e+02
2.03640e-02	2.50494e+02
2.03640e-02	2.64088e+02
2.03640e-02	2.82962e+02
2.03640e-02	2.91986e+02
2.03640e-02	2.97555e+02
2.03640e-02	2.99556e+02
2.03640e-02	3.00349e+02
2.03640e-02	3.00752e+02
2.03640e-02	3.03446e+02
2.03640e-02	3.04674e+02
2.03641e-02	3.05378e+02
2.03641e-02	3.05707e+02
2.03642e-02	3.05863e+02
2.05315e-02	3.04921e+02
2.05315e-02	3.05257e+02
2.05315e-02	3.05233e+02
2.05315e-02	3.05503e+02
2.05818e-02	3.05195e+02
2.05818e-02	2.55792e+02
2.05818e-02	1.66887e+02
2.05818e-02	5.78667e+01
2.05818e-02	4.58549e+01
2.05818e-02	2.69717e+01
2.05818e-02	1.42690e+01
2.05818e-02	7.70471e+00
2.05818e-02	6.07452e-01
2.05818e-02	-1.62137e+00
2.05818e-02	-3.24814e+00
2.05818e-02	-4.92282e+00
2.05818e-02	-5.19574e+00
2.05819e-02	-5.34732e+00
2.08072e-02	-4.29669e+00
2.08072e-02	-4.53442e+00
2.08072e-02	-4.18646e+00
2.08072e-02	-3.82559e+00
2.08072e-02	-1.78314e-01
2.08072e-02	4.65332e-01
2.08072e-02	1.16226e+00
2.08072e-02	1.90072e+01
2.08072e-02	4.31262e+01
2.08072e-02	7.31413e+01
2.08072e-02	1.06511e+02
2.08072e-02	1.52607e+02
2.08072e-02	2.03464e+02
2.08072e-02	2.50619e+02
2.08072e-02	2.81684e+02
2.08072e-02	2.97954e+02
2.08072e-02	3.02777e+02
2.08072e-02	3.04130e+02
2.08072e-02	3.04353e+02
2.09240e-02	3.03999e+02
2.09240e-02	3.04092e+02
2.09240e-02	3.03562e+02
2.09240e-02	3.02070e+02
2.09240e-02	2.98752e+02
2.09240e-02	2.94995e+02
2.09240e-02	2.89592e+02
2.09240e-02	2.83456e+02
2.09240e-02	2.75611e+02
2.09240e-02	2.68424e+02
2.09240e-02	2.65151e+02
2.09240e-02	2.62810e+02
2.09240e-02	2.58538e+02
2.09240e-02	2.56716e+02
2.09240e-02	2.54125e+02
2.09240e-02	2.48456e+02
2.09240e-02	2.38309e+02
2.09240e-02	2.18217e+02
2.09240e-02	1.89953e+02
2.09240e-02	1.56537e+02
2.09240e-02	1.15560e+02
2.09240e-02	5.24356e+01
2.09240e-02	2.48243e+01
2.09240e-02	2.28773e+01
2.09240e-02	5.66805e+00
2.09240e-02	-1.28150e-01
2.09242e-02	-2.53581e-01
2.17912e-02	-1.92807e-01
2.17912e-02	-2.93746e-01
2.17912e-02	-2.13736e+01
2.17912e-02	-8.11546e+01
2.17912e-02	-1.86615e+02
2.17912e-02	-2.93027e+02
2.17912e-02	-3.01962e+02
2.17912e-02	-3.05939e+02
2.17912e-02	-3.07013e+02
2.17912e-02	-3.08974e+02
2.17912e-02	-3.09687e+02
2.17912e-02	-3.09913e+02
2.17950e-02	-3.09978e+02
2.18106e-02	-3.09764e+02
2.18106e-02	-3.09457e+02
2.18106e-02	-3.08608e+02
2.18106e-02	-2.79377e+02
2.18106e-02	-2.02013e+02
2.18106e-02	-6.05669e+01
2.18106e-02	-3.54117e+01
2.18106e-02	-2.15027e+01
2.18106e-02	-1.93072e+01
2.18106e-02	-1.02307e+01
2.18106e-02	-6.24850e+00
2.18106e-02	-5.22226e+00
2.18106e-02	-2.65778e+00
2.18106e-02	-2.17346e+00
2.18106e-02	-1.90655e+00
2.21658e-02	-1.15683e+00
2.21658e-02	-1.05167e+00
2.21658e-02	-1.28805e+00
2.21658e-02	-1.77798e+00
2.21658e-02	-1.30316e+01
2.21658e-02	-2.38082e+01
2.21658e-02	-3.23468e+01
2.21658e-02	-3.85661e+01
2.21659e-02	-4.24410e+01
2.21659e-02	-4.69687e+01
2.21659e-02	-8.54027e+01
2.21659e-02	-1.80658e+02
2.21659e-02	-2.87487e+02
2.21659e-02	-2.95321e+02
2.21659e-02	-3.01589e+02
2.21659e-02	-3.04713e+02
2.21659e-02	-3.06998e+02
2.21660e-02	-3.07123e+02
2.22441e-02	-3.06703e+02
2.22441e-02	-3.06836e+02
2.22441e-02	-2.99215e+02
2.22441e-02	-2.89074e+02
2.22441e-02	-2.79287e+02
2.22441e-02	-2.71852e+02
2.22441e-02	-2.68514e+02
2.22441e-02	-2.65368e+02
2.22441e-02	-2.63014e+02
2.22441e-02	-2.58594e+02
2.22441e-02	-1.53450e+02
2.22441e-02	-3.28114e+01
2.22441e-02	-2.02681e+01
2.22441e-02	-6.07697e+00
2.22441e-02	-1.35136e-01
2.22444e-02	-1.94895e-02
2.30260e-02	-4.21602e-02
2.30260e-02	-1.56552e+01
2.30260e-02	-7.21274e+01
2.30260e-02	-1.76736e+02
2.30260e-02	-2.84356e+02
2.30260e-02	-2.92672e+02
2.30260e-02	-2.98432e+02
2.30260e-02	-3.03619e+02
2.30260e-02	-3.05024e+02
2.30260e-02	-3.07633e+02
2.30260e-02	-3.08149e+02
2.30260e-02	-3.08541e+02
2.30260e-02	-3.08778e+02
2.32749e-02	-3.06970e+02
2.35701e-02	-3.05211e+02
2.36974e-02	-3.04675e+02
2.36974e-02	-3.04810e+02
2.36974e-02	-3.04413e+02
2.36974e-02	-3.03197e+02
2.36974e-02	-2.99839e+02
2.36974e-02	-2.95559e+02
2.36974e-02	-2.90475e+02
2.36974e-02	-2.84588e+02
2.36974e-02	-2.76559e+02
2.36974e-02	-2.69256e+02
2.36974e-02	-2.65942e+02
2.36974e-02	-2.63557e+02
2.36974e-02	-2.59294e+02
2.36974e-02	-2.57465e+02
2.36974e-02	-2.38759e+02
2.36974e-02	-1.39249e+02
2.36974e-02	-2.39747e+01
2.36974e-02	-1.45066e+01
2.36974e-02	-5.67776e+00
2.36974e-02	-1.29863e+00
2.36974e-02	1.93308e-01
2.42573e-02	1.92478e-01
2.42573e-02	-4.32717e-01
2.42573e-02	-8.09010e-01
2.42573e-02	-4.61458e+01
2.42573e-02	-1.39173e+02
2.42573e-02	-2.63224e+02
2.42573e-02	-2.75861e+02
2.42573e-02	-2.91353e+02
2.42573e-02	-2.97673e+02
2.42573e-02	-3.00310e+02
2.42573e-02	-3.01619e+02
2.42573e-02	-3.02641e+02
2.42573e-02	-3.04674e+02
2.42573e-02	-3.05919e+02
2.42573e-02	-3.06399e+02
2.42573e-02	-3.06793e+02
2.42573e-02	-3.07061e+02
2.45412e-02	-3.05380e+02
2.45412e-02	-3.05529e+02
2.47969e-02	-3.04252e+02
2.47969e-02	-3.03537e+02
2.47969e-02	-3.03882e+02
2.47970e-02	-3.04033e+02
2.51439e-02	-3.02808e+02
2.51439e-02	-3.00840e+02
2.51439e-02	-2.93863e+02
2.51439e-02	-2.83452e+02
2.51439e-02	-2.74061e+02
2.51439e-02	-2.66862e+02
2.51439e-02	-2.58219e+02
2.51439e-02	-2.21316e+02
2.51439e-02	-1.26894e+02
2.51439e-02	-1.79216e+01
2.51439e-02	-9.79649e+00
2.51439e-02	-3.04289e+00
2.51439e-02	-1.13319e+00
2.51439e-02	-2.31363e-01
2.51439e-02	3.22775e-01
2.51439e-02	6.06290e-01
2.51440e-02	7.71854e-01
2.54992e-02	7.36179e-01
2.54992e-02	2.28172e-01
2.54992e-02	-1.05279e+01
2.54992e-02	-6.82854e+01
2.54992e-02	-1.76308e+02
2.54992e-02	-2.81925e+02
2.54992e-02	-2.89696e+02
2.54992e-02	-2.96578e+02
2.54992e-02	-2.98487e+02
2.54992e-02	-2.99401e+02
2.54992e-02	-3.01084e+02
2.54992e-02	-3.04005e+02
2.54992e-02	-3.04493e+02
2.54992e-02	-3.04808e+02
2.54994e-02	-3.04943e+02
2.58744e-02	-3.03339e+02
2.58744e-02	-3.03688e+02
2.58744e-02	-3.03576e+02
2.58744e-02	-3.03839e+02
2.61305e-02	-3.02924e+02
2.61305e-02	-3.01766e+02
2.61305e-02	-3.01085e+02
2.61305e-02	-3.00759e+02
2.61305e-02	-3.01018e+02
2.61305e-02	-3.02042e+02
2.61305e-02	-3.02324e+02
2.61306e-02	-3.02498e+02
2.65599e-02	-3.01617e+02
2.65599e-02	-3.01636e+02
2.65599e-02	-3.01145e+02
2.65599e-02	-2.99461e+02
2.65599e-02	-2.94632e+02
2.65599e-02	-2.89309e+02
2.65599e-02	-2.83413e+02
2.65599e-02	-2.77261e+02
2.65599e-02	-2.71928e+02
2.65599e-02	-2.65739e+02
2.65600e-02	-2.62608e+02
2.65600e-02	-2.60192e+02
2.65600e-02	-2.54018e+02
2.65600e-02	-2.52161e+02
2.65600e-02	-2.49505e+02
2.65600e-02	-8.05998e+01
2.65600e-02	-4.50114e+01
2.65600e-02	-2.54203e+01
2.65600e-02	-2.36814e+01
2.65600e-02	-2.06450e+01
2.65600e-02	-4.54739e+00
2.65600e-02	8.75416e-01
2.65602e-02	1.00225e+00
2.67653e-02	9.08106e-01
2.67653e-02	8.46263e-02
2.67653e-02	-9.78889e+00
2.67653e-02	-6.77821e+01
2.67653e-02	-1.94239e+02
2.67653e-02	-1.97475e+02
2.67653e-02	-2.81975e+02
2.67653e-02	-2.89031e+02
2.67653e-02	-2.95721e+02
2.67653e-02	-2.96014e+02
2.67653e-02	-2.96951e+02
2.67653e-02	-2.97417e+02
2.67653e-02	-2.98057e+02
2.67653e-02	-3.01782e+02
2.67653e-02	-3.02485e+02
2.67653e-02	-3.02880e+02
2.67654e-02	-3.03114e+02
2.71982e-02	-3.02006e+02
2.71982e-02	-3.02335e+02
2.71982e-02	-3.02235e+02
2.71982e-02	-3.02540e+02
2.72477e-02	-3.02384e+02
2.72477e-02	-2.69939e+02
2.72477e-02	-1.92288e+02
2.72477e-02	-9.32160e+01
2.72477e-02	-1.13058e+01
2.72477e-02	-5.23996e+00
2.72477e-02	4.56696e-01
2.72477e-02	2.18954e+00
2.72477e-02	2.68738e+00
2.72477e-02	4.09293e+00
2.72477e-02	5.72916e+00
2.72477e-02	7.83462e+00
2.72477e-02	8.03604e+00
2.72481e-02	8.15854e+00
2.74739e-02	6.52847e+00
2.74739e-02	6.75818e+00
2.74739e-02	6.40454e+00
2.74739e-02	5.99942e+00
2.74739e-02	2.53909e+00
2.74739e-02	2.02112e+00
2.74739e-02	1.45334e+00
2.74739e-02	7.07733e-01
2.74739e-02	-7.10266e-01
2.74739e-02	-3.13708e+00
2.74739e-02	-7.71091e+00
2.74739e-02	-1.48265e+01
2.74739e-02	-2.49478e+01
2.74739e-02	-3.76427e+01
2.74739e-02	-5.96690e+01
2.74739e-02	-8.48148e+01
2.74739e-02	-1.23381e+02
2.74739e-02	-1.70681e+02
2.74739e-02	-2.30012e+02
2.74739e-02	-2.76199e+02
2.74739e-02	-2.95627e+02
2.74739e-02	-3.01082e+02
2.74739e-02	-3.02122e+02
2.79315e-02	-3.01592e+02
2.79315e-02	-3.01170e+02
2.79315e-02	-2.99662e+02
2.79315e-02	-2.95687e+02
2.79315e-02	-2.90746e+02
2.79315e-02	-2.84912e+02
2.79315e-02	-2.78927e+02
2.79315e-02	-2.73587e+02
2.79315e-02	-2.68236e+02
2.79315e-02	-2.64547e+02
2.79315e-02	-2.61534e+02
2.79315e-02	-2.59296e+02
2.79315e-02	-2.55043e+02
2.79315e-02	-2.48988e+02
2.79315e-02	-2.37824e+02
2.79315e-02	-2.17584e+02
2.79315e-02	-1.86295e+02
2.79315e-02	-1.48044e+02
2.79315e-02	-1.10650e+02
2.79315e-02	-4.72057e+01
2.79315e-02	-2.30471e+01
2.79315e-02	-1.23713e+01
2.79315e-02	-4.04277e+00
2.79315e-02	-1.87831e+00
2.79315e-02	-4.21630e-01
2.79315e-02	1.65818e-02
2.79315e-02	2.53345e-01
2.79317e-02	3.89281e-01
2.80679e-02	3.01031e-01
2.80679e-02	-4.07181e-01
2.80679e-02	-1.68393e+00
2.80679e-02	-2.91482e+00
2.80679e-02	-5.18930e+00
2.80679e-02	-7.12180e+00
2.80679e-02	-1.17809e+02
2.80679e-02	-2.44171e+02
2.80679e-02	-2.58198e+02
2.80679e-02	-2.77908e+02
2.80679e-02	-2.87934e+02
2.80679e-02	-2.93922e+02
2.80679e-02	-2.96042e+02
2.80679e-02	-2.96878e+02
2.80679e-02	-2.97478e+02
2.80679e-02	-3.00542e+02
2.80679e-02	-3.01582e+02
2.80679e-02	-3.02092e+02
2.80679e-02	-3.02461e+02
2.80680e-02	-3.02665e+02
2.84578e-02	-3.01928e+02
2.84578e-02	-2.78511e+02
2.84578e-02	-2.10763e+02
2.84578e-02	-9.05400e+01
2.84578e-02	-7.39680e+01
2.84578e-02	-4.51404e+01
2.84578e-02	-2.31057e+01
2.84578e-02	-1.23852e+01
2.84578e-02	1.34369e-01
2.84578e-02	3.77780e+00
2.84578e-02	4.81928e+00
2.84578e-02	7.32626e+00
2.84578e-02	7.69250e+00
2.84579e-02	7.91483e+00
2.87634e-02	5.79138e+00
2.89108e-02	5.03479e+00
2.89108e-02	4.65482e+00
2.89108e-02	4.03625e+00
2.89108e-02	-7.43973e+00
2.89108e-02	-1.81435e+01
2.89108e-02	-2.64238e+01
2.89108e-02	-3.19449e+01
2.89108e-02	-3.58329e+01
2.89108e-02	-3.91183e+01
2.89108e-02	-6.02463e+01
2.89108e-02	-1.34594e+02
2.89108e-02	-2.63194e+02
2.89108e-02	-2.73840e+02
2.89108e-02	-2.82133e+02
2.89108e-02	-2.88248e+02
2.89108e-02	-2.98123e+02
2.89108e-02	-3.01493e+02
2.89109e-02	-3.01621e+02
2.92558e-02	-3.01345e+02
2.92558e-02	-3.01473e+02
2.92558e-02	-3.01361e+02
2.92558e-02	-3.00430e+02
2.92558e-02	-2.97945e+02
2.92558e-02	-2.93512e+02
2.92558e-02	-2.82597e+02
2.92558e-02	-2.75772e+02
2.92558e-02	-2.68134e+02
2.92558e-02	-2.63205e+02
2.92558e-02	-2.60584e+02
2.92558e-02	-2.58019e+02
2.92558e-02	-2.53368e+02
2.92558e-02	-2.50864e+02
2.92558e-02	-2.45332e+02
2.92558e-02	-2.33961e+02
2.92558e-02	-2.14557e+02
2.92558e-02	-1.85802e+02
2.92558e-02	-1.52480e+02
2.92558e-02	-1.08075e+02
2.92558e-02	-4.53797e+01
2.92558e-02	-3.64975e+01
2.92558e-02	-2.31559e+01
2.92558e-02	-1.33835e+01
2.92558e-02	-5.74175e+00
2.92558e-02	-2.95788e+00
2.92558e-02	-1.70839e+00
2.92558e-02	-4.45804e-01
2.92558e-02	-8.47164e-02
2.92558e-02	1.63752e-01
2.92561e-02	2.85375e-01
2.94155e-02	2.19253e-01
2.94155e-02	-4.20255e-01
2.94155e-02	-1.40717e+00
2.94155e-02	-1.74916e+00
2.94155e-02	-2.09388e+00
2.94155e-02	-2.60519e+00
2.94155e-02	-1.17711e+02
2.94155e-02	-2.45691e+02
2.94155e-02	-2.59613e+02
2.94155e-02	-2.78804e+02
2.94155e-02	-2.88548e+02
2.94155e-02	-2.94132e+02
2.94155e-02	-2.96086e+02
2.94155e-02	-2.96904e+02
2.94155e-02	-2.97500e+02
2.94156e-02	-3.01117e+02
2.94156e-02	-3.01913e+02
2.94156e-02	-3.02341e+02
2.94156e-02	-3.02625e+02
2.96927e-02	-3.02148e+02
2.96927e-02	-2.95109e+02
2.96927e-02	-2.61655e+02
2.96927e-02	-1.75624e+02
2.96927e-02	-4.93713e+01
2.96927e-02	-3.63829e+01
2.96927e-02	-2.51228e+01
2.96927e-02	-1.56132e+01
2.96927e-02	-3.16165e+00
2.96927e-02	2.13477e+00
2.96927e-02	3.30151e+00
2.96927e-02	5.81461e+00
2.96927e-02	6.20493e+00
2.96927e-02	6.50211e+00
2.96928e-02	6.67197e+00
3.00370e-02	4.67773e+00
3.03640e-02	3.37344e+00
3.03640e-02	3.04202e+00
3.03640e-02	1.89304e+00
3.03640e-02	-1.56302e+00
3.03640e-02	-6.16318e+00
3.03640e-02	-1.13197e+01
3.03640e-02	-1.72967e+01
3.03640e-02	-2.26626e+01
3.03640e-02	-2.73995e+01
3.03640e-02	-3.11025e+01
3.03640e-02	-3.46060e+01
3.03640e-02	-3.69110e+01
3.03640e-02	-3.88133e+01
3.03640e-02	-4.41645e+01
3.03640e-02	-4.52938e+01
3.03640e-02	-1.59103e+02
3.03640e-02	-2.75908e+02
3.03640e-02	-2.84390e+02
3.03640e-02	-3.01375e+02
3.03641e-02	-3.01543e+02
3.05388e-02	-3.01439e+02
3.05388e-02	-3.01126e+02
3.05388e-02	-2.99778e+02
3.05388e-02	-2.96163e+02
3.05388e-02	-2.90865e+02
3.05388e-02	-2.84710e+02
3.05388e-02	-2.78347e+02
3.05388e-02	-2.72445e+02
3.05388e-02	-2.68289e+02
3.05388e-02	-2.65027e+02
3.05388e-02	-2.62115e+02
3.05388e-02	-2.59690e+02
3.05388e-02	-2.53733e+02
3.05388e-02	-2.51782e+02
3.05388e-02	-2.47542e+02
3.05388e-02	-2.39345e+02
3.05388e-02	-2.21900e+02
3.05388e-02	-1.95429e+02
3.05388e-02	-1.62181e+02
3.05388e-02	-1.23021e+02
3.05388e-02	-6.79889e+01
3.05388e-02	-3.44085e+01
3.05388e-02	-1.82169e+01
3.05388e-02	-9.42306e+00
3.05388e-02	-3.44378e+00
3.05388e-02	-1.77326e+00
3.05388e-02	-5.53152e-01
3.05388e-02	-1.93832e-01
3.05388e-02	5.93389e-02
3.05391e-02	1.79201e-01
3.08104e-02	9.78819e-02
3.08104e-02	-6.20534e-01
3.08104e-02	-1.54765e+00
3.08104e-02	-2.27621e+00
3.08104e-02	-5.70951e+00
3.08104e-02	-1.00225e+01
3.08104e-02	-1.61568e+01
3.08104e-02	-1.41018e+02
3.08104e-02	-2.63602e+02
3.08104e-02	-2.75223e+02
3.08104e-02	-2.88472e+02
3.08104e-02	-2.94716e+02
3.08104e-02	-2.97137e+02
3.08104e-02	-2.97966e+02
3.08104e-02	-2.98594e+02
3.08104e-02	-3.02189e+02
3.08104e-02	-3.02934e+02
3.08104e-02	-3.03351e+02
3.08104e-02	-3.03596e+02
3.09240e-02	-3.03240e+02
3.09240e-02	-2.98527e+02
3.09240e-02	-2.68427e+02
3.09240e-02	-1.86558e+02
3.09240e-02	-5.87430e+01
3.09240e-02	-5.49507e+01
3.09240e-02	-4.78443e+01
3.09240e-02	-3.57405e+01
3.09240e-02	-1.60029e+01
3.09240e-02	-1.38301e+01
3.09240e-02	-4.48865e+00
3.09240e-02	-4.19312e-01
3.09240e-02	5.99365e-01
3.09240e-02	3.15680e+00
3.09240e-02	3.69785e+00
3.09240e-02	3.98697e+00
3.09242e-02	4.11801e+00
3.13983e-02	2.52475e+00
3.17911e-02	1.59595e+00
3.17911e-02	2.00787e+00
3.17911e-02	3.49316e+00
3.17911e-02	7.45239e+00
3.17911e-02	1.23846e+01
3.17911e-02	1.82090e+01
3.17911e-02	2.42247e+01
3.17911e-02	2.95637e+01
3.17911e-02	3.49194e+01
3.17911e-02	3.86181e+01
3.17911e-02	4.16199e+01
3.17911e-02	4.38421e+01
3.17912e-02	4.80263e+01
3.17912e-02	5.32281e+01
3.17912e-02	6.25800e+01
3.17912e-02	7.97249e+01
3.17912e-02	1.08236e+02
3.17912e-02	1.43472e+02
3.17912e-02	1.79596e+02
3.17912e-02	2.35344e+02
3.17912e-02	2.68988e+02
3.17912e-02	2.81193e+02
3.17912e-02	3.03473e+02
3.17912e-02	3.03638e+02
3.18106e-02	3.03666e+02
3.18106e-02	3.03742e+02
3.18106e-02	3.02915e+02
3.18106e-02	3.02131e+02
3.18106e-02	3.00925e+02
3.18106e-02	2.97908e+02
3.18106e-02	2.92944e+02
3.18106e-02	2.87241e+02
3.18106e-02	2.81208e+02
3.18106e-02	2.74407e+02
3.18106e-02	2.67341e+02
3.18106e-02	2.64022e+02
3.18106e-02	2.61847e+02
3.18106e-02	2.57438e+02
3.18106e-02	2.54588e+02
3.18106e-02	2.50252e+02
3.18106e-02	2.40708e+02
3.18106e-02	2.19644e+02
3.18106e-02	1.87680e+02
3.18106e-02	1.53637e+02
3.18106e-02	1.12565e+02
3.18106e-02	4.92443e+01
3.18106e-02	3.99708e+01
3.18106e-02	2.58294e+01
3.18106e-02	1.55848e+01
3.18106e-02	7.48932e+00
3.18106e-02	3.61169e+00
3.18106e-02	2.27838e+00
3.18106e-02	1.31182e+00
3.18106e-02	5.91609e-01
3.18106e-02	2.93577e-01
3.18106e-02	1.14100e-01
3.21658e-02	8.15665e-02
3.21658e-02	6.71110e-01
3.21659e-02	1.90310e+01
3.21659e-02	9.15081e+01
3.21659e-02	2.18260e+02
3.21659e-02	2.34696e+02
3.21659e-02	2.61514e+02
3.21659e-02	2.79165e+02
3.21659e-02	2.91350e+02
3.21659e-02	2.97829e+02
3.21659e-02	2.99563e+02
3.21659e-02	3.00242e+02
3.21659e-02	3.00867e+02
3.21659e-02	3.04206e+02
3.21659e-02	3.05089e+02
3.21659e-02	3.05482e+02
3.21659e-02	3.05726e+02
3.22441e-02	3.05304e+02
3.22441e-02	3.04796e+02
3.22441e-02	2.97516e+02
3.22441e-02	2.46210e+02
3.22441e-02	1.38698e+02
3.22441e-02	2.66262e+01
3.22441e-02	1.79523e+01
3.22441e-02	9.75912e+00
3.22441e-02	7.10492e+00
3.22441e-02	6.08090e+00
3.22441e-02	5.63522e+00
3.22441e-02	4.03668e+00
3.22441e-02	1.13351e+00
3.22441e-02	6.37115e-01
3.22442e-02	3.02124e-01
3.22443e-02	1.60034e-01
3.30260e-02	-2.38648e-02
3.30260e-02	3.12286e-01
3.30260e-02	1.61105e+00
3.30260e-02	5.30109e+00
3.30260e-02	1.01030e+01
3.30260e-02	1.57683e+01
3.30260e-02	2.22046e+01
3.30260e-02	2.75042e+01
3.30260e-02	3.27331e+01
3.30260e-02	3.66125e+01
3.30260e-02	3.96811e+01
3.30260e-02	4.18730e+01
3.30260e-02	4.77940e+01
3.30260e-02	4.97018e+01
3.30260e-02	5.37790e+01
3.30260e-02	6.19460e+01
3.30260e-02	7.89212e+01
3.30260e-02	1.04997e+02
3.30260e-02	1.37813e+02
3.30260e-02	1.76978e+02
3.30260e-02	2.30671e+02
3.30260e-02	2.68212e+02
3.30260e-02	2.79536e+02
3.30260e-02	2.88992e+02
3.30260e-02	3.02737e+02
3.30260e-02	3.02903e+02
3.32266e-02	3.02545e+02
3.32266e-02	3.02454e+02
3.32266e-02	3.01532e+02
3.32266e-02	2.98945e+02
3.32266e-02	2.94428e+02
3.32266e-02	2.83524e+02
3.32266e-02	2.77719e+02
3.32266e-02	2.71267e+02
3.32266e-02	2.65765e+02
3.32266e-02	2.62853e+02
3.32266e-02	2.60479e+02
3.32266e-02	2.55940e+02
3.32266e-02	2.50537e+02
3.32266e-02	2.40465e+02
3.32266e-02	2.21991e+02
3.32266e-02	1.92474e+02
3.32266e-02	1.54273e+02
3.32266e-02	2.34600e+01
3.32266e-02	1.27627e+01
3.32266e-02	5.84701e+00
3.32266e-02	2.71895e+00
3.32266e-02	1.57242e+00
3.32266e-02	7.03106e-01
3.32266e-02	1.74335e-01
3.32266e-02	-1.21278e-02
3.34320e-02	-1.69165e-02
3.34320e-02	5.43260e-01
3.34320e-02	3.21312e+00
3.34320e-02	4.56142e+01
3.34320e-02	1.51324e+02
3.34320e-02	2.70514e+02
3.34320e-02	2.80493e+02
3.34320e-02	2.91043e+02
3.34320e-02	2.95890e+02
3.34320e-02	2.97583e+02
3.34320e-02	2.98367e+02
3.34320e-02	2.99014e+02
3.34320e-02	3.02562e+02
3.34320e-02	3.03332e+02
3.34320e-02	3.03753e+02
3.34320e-02	3.03994e+02
3.36974e-02	3.03209e+02
3.36974e-02	3.02554e+02
3.36974e-02	2.86134e+02
3.36974e-02	2.18620e+02
3.36974e-02	9.53239e+01
3.36974e-02	7.84780e+01
3.36974e-02	4.95258e+01
3.36974e-02	2.57363e+01
3.36974e-02	2.33337e+01
3.36974e-02	1.95335e+01
3.36974e-02	1.36838e+01
3.36974e-02	7.25504e+00
3.36974e-02	3.77402e+00
3.36974e-02	2.44757e+00
3.36974e-02	1.77951e+00
3.36974e-02	1.19617e+00
3.36974e-02	-2.20804e+00
3.36974e-02	-2.99280e+00
3.36974e-02	-3.32779e+00
3.36975e-02	-3.52115e+00
3.42181e-02	-2.05862e+00
3.42573e-02	-2.03888e+00
3.42573e-02	-2.15079e+00
3.42573e-02	-1.93695e+00
3.42573e-02	-9.25446e-01
3.42573e-02	1.94568e+00
3.42573e-02	6.26184e+00
3.42573e-02	1.74513e+01
3.42573e-02	2.40380e+01
3.42573e-02	3.13964e+01
3.42573e-02	3.57120e+01
3.42573e-02	3.82764e+01
3.42573e-02	4.05891e+01
3.42573e-02	4.25391e+01
3.42573e-02	4.48542e+01
3.42573e-02	5.28840e+01
3.42573e-02	6.78039e+01
3.42573e-02	9.31107e+01
3.42573e-02	2.52736e+02
3.42573e-02	2.68869e+02
3.42573e-02	2.79707e+02
3.42573e-02	2.87231e+02
3.42573e-02	2.92573e+02
3.42573e-02	2.92920e+02
3.42573e-02	3.02055e+02
3.42574e-02	3.02213e+02
3.45981e-02	3.01759e+02
3.45982e-02	3.01824e+02
3.45982e-02	2.99982e+02
3.45982e-02	2.93159e+02
3.45982e-02	2.82725e+02
3.45982e-02	2.73099e+02
3.45982e-02	2.65674e+02
3.45982e-02	2.62055e+02
3.45982e-02	2.55082e+02
3.45982e-02	2.49500e+02
3.45982e-02	2.38977e+02
3.45982e-02	2.18308e+02
3.45982e-02	1.88382e+02
3.45982e-02	1.48182e+02
3.45982e-02	1.10586e+02
3.45982e-02	4.48979e+01
3.45982e-02	2.14561e+01
3.45982e-02	1.14045e+01
3.45982e-02	3.86652e+00
3.45982e-02	1.97111e+00
3.45982e-02	6.11204e-01
3.45982e-02	1.93202e-01
3.45982e-02	-4.26729e-02
3.45983e-02	-1.78667e-01
3.47345e-02	-1.52290e-01
3.47345e-02	5.20172e-01
3.47345e-02	1.53069e+00
3.47345e-02	1.93523e+00
3.47345e-02	3.68976e+00
3.47345e-02	6.36943e+00
3.47345e-02	1.30093e+02
3.47345e-02	2.56196e+02
3.47345e-02	2.68788e+02
3.47345e-02	2.84380e+02
3.47345e-02	2.92103e+02
3.47345e-02	2.95590e+02
3.47345e-02	2.96789e+02
3.47345e-02	2.97361e+02
3.47345e-02	2.97902e+02
3.47346e-02	3.01650e+02
3.47346e-02	3.02243e+02
3.47346e-02	3.02649e+02
3.47346e-02	3.02862e+02
3.51439e-02	3.02018e+02
3.51439e-02	3.01660e+02
3.51439e-02	2.66651e+02
3.51439e-02	1.78931e+02
3.51439e-02	5.26785e+01
3.51439e-02	3.85532e+01
3.51439e-02	1.83250e+01
3.51439e-02	7.65064e+00
3.51439e-02	1.25327e+00
3.51439e-02	-1.69110e+00
3.51439e-02	-2.61475e+00
3.51439e-02	-5.10419e+00
3.51439e-02	-5.62235e+00
3.51439e-02	-5.88373e+00
3.54992e-02	-4.20837e+00
3.54992e-02	-4.14340e+00
3.54992e-02	-3.57687e+00
3.54992e-02	-1.98099e+00
3.54992e-02	8.35297e-01
3.54992e-02	4.48874e+00
3.54992e-02	1.56400e+01
3.54992e-02	2.13601e+01
3.54992e-02	2.62037e+01
3.54992e-02	3.13637e+01
3.54992e-02	3.45763e+01
3.54992e-02	3.67478e+01
3.54992e-02	4.26306e+01
3.54992e-02	4.64845e+01
3.54992e-02	5.36153e+01
3.54992e-02	6.69591e+01
3.54992e-02	9.14708e+01
3.54992e-02	1.25073e+02
3.54992e-02	1.57894e+02
3.54992e-02	2.06694e+02
3.54992e-02	2.57944e+02
3.54992e-02	2.78817e+02
3.54992e-02	2.89539e+02
3.54992e-02	3.01546e+02
3.54992e-02	3.01710e+02
3.59225e-02	3.01366e+02
3.59225e-02	3.01411e+02
3.59225e-02	3.01183e+02
3.59225e-02	2.99999e+02
3.59225e-02	2.96645e+02
3.59225e-02	2.91473e+02
3.59225e-02	2.85240e+02
3.59225e-02	2.79167e+02
3.59225e-02	2.73703e+02
3.59225e-02	2.66736e+02
3.59225e-02	2.62764e+02
3.59225e-02	2.60335e+02
3.59225e-02	2.55710e+02
3.59225e-02	2.53768e+02
3.59225e-02	2.51827e+02
3.59225e-02	2.47735e+02
3.59225e-02	2.39649e+02
3.59225e-02	2.22647e+02
3.59225e-02	1.95754e+02
3.59225e-02	1.62370e+02
3.59225e-02	1.23169e+02
3.59225e-02	6.85482e+01
3.59225e-02	3.46943e+01
3.59225e-02	1.83087e+01
3.59225e-02	9.44437e+00
3.59225e-02	3.38778e+00
3.59225e-02	1.70000e+00
3.59225e-02	4.68488e-01
3.59225e-02	1.01734e-01
3.59225e-02	-1.52195e-01
3.59230e-02	-2.69955e-01
3.60822e-02	-1.92426e-01
3.60822e-02	5.57479e-01
3.60822e-02	1.81350e+00
3.60822e-02	2.93380e+00
3.60822e-02	5.12585e+00
3.60822e-02	6.67526e+00
3.60822e-02	9.56298e+00
3.60822e-02	1.33270e+02
3.60822e-02	2.57865e+02
3.60822e-02	2.70143e+02
3.60822e-02	2.85051e+02
3.60822e-02	2.92433e+02
3.60822e-02	2.95611e+02
3.60822e-02	2.96718e+02
3.60822e-02	2.97227e+02
3.60822e-02	2.98073e+02
3.60822e-02	3.01512e+02
3.60822e-02	3.02076e+02
3.60822e-02	3.02469e+02
3.60823e-02	3.02680e+02
3.66669e-02	3.01729e+02
3.72055e-02	3.01209e+02
3.72055e-02	3.01087e+02
3.72055e-02	3.00243e+02
3.72055e-02	2.97815e+02
3.72055e-02	2.93475e+02
3.72055e-02	2.82479e+02
3.72055e-02	2.77315e+02
3.72055e-02	2.71910e+02
3.72055e-02	2.67510e+02
3.72055e-02	2.64063e+02
3.72055e-02	2.61127e+02
3.72055e-02	2.58683e+02
3.72055e-02	2.56677e+02
3.72055e-02	2.54274e+02
3.72055e-02	2.45851e+02
3.72055e-02	2.30393e+02
3.72055e-02	2.01441e+02
3.72055e-02	1.62180e+02
3.72055e-02	1.23945e+02
3.72055e-02	7.67025e+01
3.72055e-02	3.75121e+01
3.72055e-02	1.91701e+01
3.72055e-02	9.93660e+00
3.72055e-02	3.42185e+00
3.72055e-02	1.65550e+00
3.72055e-02	3.35543e-01
3.72055e-02	-6.65966e-02
3.72055e-02	-3.24147e-01
3.72057e-02	-4.49733e-01
3.74770e-02	-3.56834e-01
3.74770e-02	3.03907e-01
3.74770e-02	1.61159e+00
3.74770e-02	3.59724e+00
3.74770e-02	6.22296e+00
3.74770e-02	1.06465e+01
3.74770e-02	1.19796e+02
3.74770e-02	2.46049e+02
3.74770e-02	2.60084e+02
3.74770e-02	2.79692e+02
3.74770e-02	2.89239e+02
3.74770e-02	2.94898e+02
3.74770e-02	2.96920e+02
3.74770e-02	2.97691e+02
3.74770e-02	2.98225e+02
3.74770e-02	3.01868e+02
3.74770e-02	3.02657e+02
3.74770e-02	3.03057e+02
3.74771e-02	3.03325e+02
3.78745e-02	3.02313e+02
3.78746e-02	3.02455e+02
3.81302e-02	3.01896e+02
3.81302e-02	3.01370e+02
3.81302e-02	3.01586e+02
3.84578e-02	3.01190e+02
3.84578e-02	3.00832e+02
3.84578e-02	2.97363e+02
3.84578e-02	2.88696e+02
3.84578e-02	2.78116e+02
3.84578e-02	2.69600e+02
3.84578e-02	2.63219e+02
3.84578e-02	2.58788e+02
3.84578e-02	2.31894e+02
3.84578e-02	1.49078e+02
3.84578e-02	2.24733e+01
3.84578e-02	-5.85943e-01
3.84578e-02	-7.70524e-01
3.89108e-02	-7.88375e-01
3.89108e-02	-2.92070e-01
3.89108e-02	6.57198e-01
3.89108e-02	4.45371e+00
3.89108e-02	8.16925e+01
3.89108e-02	2.13418e+02
3.89108e-02	2.31104e+02
3.89108e-02	2.59567e+02
3.89108e-02	2.77696e+02
3.89108e-02	2.90305e+02
3.89108e-02	2.96677e+02
3.89108e-02	2.98303e+02
3.89108e-02	2.98926e+02
3.89108e-02	2.99499e+02
3.89108e-02	3.02868e+02
3.89108e-02	3.03723e+02
3.89108e-02	3.04114e+02
3.89108e-02	3.04363e+02
3.92077e-02	3.03261e+02
3.92077e-02	3.03573e+02
3.92077e-02	3.03524e+02
3.92077e-02	3.03727e+02
3.94638e-02	3.02846e+02
3.94638e-02	3.00937e+02
3.94638e-02	3.00678e+02
3.94638e-02	3.00993e+02
3.94638e-02	3.01991e+02
3.94638e-02	3.02263e+02
3.94640e-02	3.02408e+02
3.96927e-02	3.01932e+02
3.96927e-02	3.02044e+02
3.96927e-02	3.01801e+02
3.96927e-02	3.00570e+02
3.96927e-02	2.96758e+02
3.96927e-02	2.91606e+02
3.96927e-02	2.85706e+02
3.96927e-02	2.79683e+02
3.96927e-02	2.73014e+02
3.96927e-02	2.65733e+02
3.96927e-02	2.62453e+02
3.96927e-02	2.60221e+02
3.96927e-02	2.55810e+02
3.96927e-02	2.53708e+02
3.96927e-02	2.53334e+02
3.96927e-02	2.52204e+02
3.96927e-02	1.23677e+02
3.96927e-02	1.63897e+01
3.96927e-02	7.90521e+00
3.96927e-02	-8.13718e-01
3.96927e-02	-9.75023e-01
4.03640e-02	-8.12700e-01
4.03640e-02	-6.54000e-01
4.03640e-02	5.11181e+00
4.03640e-02	4.62696e+01
4.03640e-02	1.43863e+02
4.03640e-02	2.68196e+02
4.03640e-02	2.70008e+02
4.03640e-02	2.91843e+02
4.03640e-02	3.00657e+02
4.03640e-02	3.02075e+02
4.03641e-02	3.04597e+02
4.03641e-02	3.05358e+02
4.03641e-02	3.05690e+02
4.03642e-02	3.05862e+02
4.05315e-02	3.04956e+02
4.05315e-02	3.05252e+02
4.05315e-02	3.05161e+02
4.05316e-02	3.05486e+02
4.05818e-02	3.05198e+02
4.05818e-02	3.03014e+02
4.05818e-02	2.64492e+02
4.05818e-02	1.80822e+02
4.05818e-02	8.33114e+01
4.05818e-02	1.01283e+01
4.05818e-02	4.68426e+00
4.05818e-02	4.38141e-01
4.05818e-02	-1.72620e+00
4.05818e-02	-3.34372e+00
4.05818e-02	-4.92105e+00
4.05818e-02	-5.19711e+00
4.05819e-02	-5.34747e+00
4.08072e-02	-4.30124e+00
4.08072e-02	-4.53409e+00
4.08072e-02	-4.18314e+00
4.08072e-02	-3.81235e+00
4.08072e-02	-3.21533e-01
4.08072e-02	6.91406e-01
4.08072e-02	1.64643e+01
4.08072e-02	3.93404e+01
4.08072e-02	6.87350e+01
4.08072e-02	1.01752e+02
4.08072e-02	1.45147e+02
4.08072e-02	1.93412e+02
4.08072e-02	2.39531e+02
4.08072e-02	2.76589e+02
4.08072e-02	2.94851e+02
4.08072e-02	3.01802e+02
4.08072e-02	3.03245e+02
4.08072e-02	3.04354e+02
4.09240e-02	3.04005e+02
4.09240e-02	3.04045e+02
4.09240e-02	3.03812e+02
4.09240e-02	3.02765e+02
4.09240e-02	2.99902e+02
4.09240e-02	2.95441e+02
4.09240e-02	2.83993e+02
4.09240e-02	2.78109e+02
4.09240e-02	2.71941e+02
4.09240e-02	2.67348e+02
4.09240e-02	2.64471e+02
4.09240e-02	2.62284e+02
4.09240e-02	2.56283e+02
4.09240e-02	2.54310e+02
4.09240e-02	2.51639e+02
4.09240e-02	1.05177e+02
4.09240e-02	8.61071e+01
4.09240e-02	6.73678e+01
4.09240e-02	5.01173e+01
4.09240e-02	3.45921e+01
4.09240e-02	2.40090e+01
4.09240e-02	1.78742e+01
4.09240e-02	-6.26821e-02
4.09240e-02	-2.28152e-01
4.17911e-02	-9.74217e-02
4.17911e-02	-7.43359e+00
4.17912e-02	-3.97374e+01
4.17912e-02	-1.25295e+02
4.17912e-02	-2.51791e+02
4.17912e-02	-2.64973e+02
4.17912e-02	-2.76488e+02
4.17912e-02	-2.85234e+02
4.17912e-02	-2.96958e+02
4.17912e-02	-3.01871e+02
4.17912e-02	-3.03845e+02
4.17912e-02	-3.04791e+02
4.17912e-02	-3.05257e+02
4.17912e-02	-3.06091e+02
4.17912e-02	-3.09098e+02
4.17912e-02	-3.09738e+02
4.17912e-02	-3.09960e+02
4.18106e-02	-3.09806e+02
4.18106e-02	-3.09217e+02
4.18106e-02	-2.60693e+02
4.18106e-02	-1.58661e+02
4.18106e-02	-3.71469e+01
4.18106e-02	-2.62819e+01
4.18106e-02	-1.46138e+01
4.18106e-02	-9.58578e+00
4.18106e-02	-7.84540e+00
4.18106e-02	-7.08676e+00
4.18106e-02	-6.44568e+00
4.18106e-02	-2.84467e+00
4.18106e-02	-2.41357e+00
4.18106e-02	-2.04871e+00
4.18106e-02	-1.82544e+00
4.21658e-02	-1.16458e+00
4.21658e-02	-9.79065e-01
4.21658e-02	-9.20200e+00
4.21658e-02	-1.95146e+01
4.21658e-02	-2.91819e+01
4.21658e-02	-3.64876e+01
4.21658e-02	-3.97704e+01
4.21658e-02	-4.30346e+01
4.21658e-02	-4.55149e+01
4.21658e-02	-4.89752e+01
4.21659e-02	-6.02480e+01
4.21659e-02	-7.36054e+01
4.21659e-02	-2.33128e+02
4.21659e-02	-2.50644e+02
4.21659e-02	-2.79918e+02
4.21659e-02	-2.99185e+02
4.21659e-02	-3.07003e+02
4.21661e-02	-3.07123e+02
4.22441e-02	-3.06652e+02
4.22441e-02	-3.06713e+02
4.22441e-02	-3.04854e+02
4.22441e-02	-2.98011e+02
4.22441e-02	-2.87608e+02
4.22441e-02	-2.78136e+02
4.22441e-02	-2.71041e+02
4.22441e-02	-2.67766e+02
4.22441e-02	-2.64597e+02
4.22441e-02	-2.59599e+02
4.22441e-02	-2.55346e+02
4.22441e-02	-2.46581e+02
4.22441e-02	-2.30496e+02
4.22441e-02	-2.05947e+02
4.22441e-02	-5.20054e+01
4.22441e-02	-3.69102e+01
4.22441e-02	-1.80249e+01
4.22441e-02	-1.15148e+01
4.22441e-02	-1.99861e-01
4.22442e-02	-3.70620e-02
4.30260e-02	-1.53654e-02
4.30260e-02	-4.90013e+00
4.30260e-02	-3.29691e+01
4.30260e-02	-1.10603e+02
4.30260e-02	-2.50017e+02
4.30260e-02	-2.74817e+02
4.30260e-02	-2.84762e+02
4.30260e-02	-2.99746e+02
4.30260e-02	-3.04354e+02
4.30260e-02	-3.05457e+02
4.30260e-02	-3.07957e+02
4.30260e-02	-3.08344e+02
4.30260e-02	-3.08636e+02
4.30261e-02	-3.08806e+02
4.32539e-02	-3.07110e+02
4.35286e-02	-3.05420e+02
4.36974e-02	-3.04656e+02
4.36974e-02	-3.04182e+02
4.36974e-02	-3.00420e+02
4.36974e-02	-2.91558e+02
4.36974e-02	-2.81075e+02
4.36974e-02	-2.72835e+02
4.36974e-02	-2.67144e+02
4.36974e-02	-2.62883e+02
4.36974e-02	-2.53640e+02
4.36974e-02	-2.01290e+02
4.36974e-02	-7.88759e+01
4.36974e-02	-6.12453e+01
4.36974e-02	-4.51810e+01
4.36974e-02	-3.22238e+01
4.36974e-02	-2.03058e+01
4.36974e-02	9.23374e-02
4.36974e-02	2.61152e-01
4.42573e-02	2.08055e-01
4.42573e-02	-4.33216e-01
4.42573e-02	-6.42204e-01
4.42573e-02	-2.46234e+00
4.42573e-02	-6.30180e+01
4.42573e-02	-1.70762e+02
4.42573e-02	-2.82537e+02
4.42573e-02	-2.91064e+02
4.42573e-02	-2.98688e+02
4.42573e-02	-3.00707e+02
4.42573e-02	-3.01526e+02
4.42573e-02	-3.02194e+02
4.42573e-02	-3.04097e+02
4.42573e-02	-3.06046e+02
4.42573e-02	-3.06469e+02
4.42573e-02	-3.06871e+02
4.42573e-02	-3.07110e+02
4.45412e-02	-3.05368e+02
4.45412e-02	-3.05532e+02
4.47969e-02	-3.04254e+02
4.47969e-02	-3.03577e+02
4.47969e-02	-3.03895e+02
4.47971e-02	-3.04033e+02
4.51439e-02	-3.02738e+02
4.51439e-02	-3.00145e+02
4.51439e-02	-2.92283e+02
4.51439e-02	-2.81663e+02
4.51439e-02	-2.72644e+02
4.51439e-02	-2.65389e+02
4.51439e-02	-2.62400e+02
4.51439e-02	-2.59482e+02
4.51439e-02	-2.56906e+02
4.51439e-02	-2.50490e+02
4.51439e-02	-2.38130e+02
4.51439e-02	-2.16124e+02
4.51439e-02	-1.83148e+02
4.51439e-02	-1.42306e+02
4.51439e-02	-1.05001e+02
4.51439e-02	-4.08146e+01
4.51439e-02	-1.95577e+01
4.51439e-02	-1.05074e+01
4.51439e-02	-3.82076e+00
4.51439e-02	-1.98264e+00
4.51439e-02	-1.95914e-01
4.51439e-02	3.28603e-01
4.51439e-02	6.74312e-01
4.51526e-02	7.75384e-01
4.54992e-02	7.04793e-01
4.54992e-02	1.08185e-01
4.54992e-02	-1.59636e+01
4.54992e-02	-8.36901e+01
4.54992e-02	-2.08019e+02
4.54992e-02	-2.24895e+02
4.54992e-02	-2.53562e+02
4.54992e-02	-2.74671e+02
4.54992e-02	-2.88318e+02
4.54992e-02	-2.96165e+02
4.54992e-02	-2.98720e+02
4.54992e-02	-2.99484e+02
4.54992e-02	-3.00034e+02
4.54992e-02	-3.03875e+02
4.54992e-02	-3.04454e+02
4.54992e-02	-3.04786e+02
4.54993e-02	-3.04943e+02
4.58744e-02	-3.03351e+02
4.58744e-02	-3.03690e+02
4.58744e-02	-3.03648e+02
4.58744e-02	-3.03846e+02
4.61305e-02	-3.02920e+02
4.61305e-02	-3.01752e+02
4.61305e-02	-3.01075e+02
4.61305e-02	-3.00760e+02
4.61305e-02	-3.01029e+02
4.61305e-02	-3.02049e+02
4.61305e-02	-3.02325e+02
4.61306e-02	-3.02498e+02
4.65599e-02	-3.01610e+02
4.65599e-02	-3.01738e+02
4.65599e-02	-3.01613e+02
4.65599e-02	-3.00715e+02
4.65599e-02	-2.98275e+02
4.65599e-02	-2.94083e+02
4.65599e-02	-2.83415e+02
4.65599e-02	-2.76666e+02
4.65599e-02	-2.69111e+02
4.65600e-02	-2.63940e+02
4.65600e-02	-2.61231e+02
4.65600e-02	-2.58675e+02
4.65600e-02	-2.54398e+02
4.65600e-02	-2.51292e+02
4.65600e-02	-2.44334e+02
4.65600e-02	-2.31992e+02
4.65600e-02	-2.09435e+02
4.65600e-02	-1.76352e+02
4.65600e-02	-1.43866e+02
4.65600e-02	-9.56614e+01
4.65600e-02	-3.66467e+01
4.65600e-02	-1.69989e+01
4.65600e-02	-8.55808e+00
4.65600e-02	-2.74189e+00
4.65600e-02	-9.03080e-01
4.65600e-02	2.36825e-01
4.65600e-02	7.62040e-01
4.65600e-02	9.44269e-01
4.67653e-02	9.21212e-01
4.67653e-02	2.80546e-01
4.67653e-02	-4.40921e+00
4.67653e-02	-5.34846e+01
4.67653e-02	-1.63399e+02
4.67653e-02	-2.75915e+02
4.67653e-02	-2.84431e+02
4.67653e-02	-2.92757e+02
4.67653e-02	-2.95849e+02
4.67653e-02	-2.97030e+02
4.67653e-02	-2.97576e+02
4.67653e-02	-2.99141e+02
4.67653e-02	-3.02007e+02
4.67653e-02	-3.02567e+02
4.67653e-02	-3.02938e+02
4.67654e-02	-3.03125e+02
4.71982e-02	-3.01984e+02
4.71982e-02	-3.02290e+02
4.71982e-02	-3.02279e+02
4.71982e-02	-3.02541e+02
4.72484e-02	-3.02383e+02
4.72484e-02	-3.02110e+02
4.72484e-02	-2.87402e+02
4.72484e-02	-2.30141e+02
4.72484e-02	-1.33348e+02
4.72484e-02	-3.15365e+01
4.72484e-02	-2.18119e+01
4.72484e-02	-8.88730e+00
4.72484e-02	-2.73321e+00
4.72484e-02	1.23621e+00
4.72484e-02	2.68182e+00
4.72484e-02	3.36313e+00
4.72484e-02	4.00104e+00
4.72484e-02	7.62152e+00
4.72484e-02	7.98367e+00
4.72485e-02	8.16128e+00
4.74739e-02	6.55081e+00
4.74739e-02	6.76300e+00
4.74739e-02	6.41797e+00
4.74739e-02	6.06143e+00
4.74739e-02	2.46487e+00
4.74739e-02	1.86325e+00
4.74739e-02	1.22397e+00
4.74739e-02	-1.60495e+01
4.74739e-02	-3.98280e+01
4.74739e-02	-6.96747e+01
4.74739e-02	-1.02950e+02
4.74739e-02	-1.48265e+02
4.74739e-02	-1.98375e+02
4.74739e-02	-2.45250e+02
4.74739e-02	-2.77975e+02
4.74739e-02	-2.95084e+02
4.74739e-02	-2.99424e+02
4.74739e-02	-3.02111e+02
4.79315e-02	-3.01571e+02
4.79315e-02	-3.01681e+02
4.79315e-02	-3.01410e+02
4.79315e-02	-3.00058e+02
4.79315e-02	-2.96031e+02
4.79315e-02	-2.90279e+02
4.79315e-02	-2.84409e+02
4.79315e-02	-2.78384e+02
4.79315e-02	-2.71610e+02
4.79315e-02	-2.64700e+02
4.79315e-02	-2.61513e+02
4.79315e-02	-2.59188e+02
4.79315e-02	-2.54438e+02
4.79315e-02	-2.49070e+02
4.79315e-02	-2.37264e+02
4.79315e-02	-2.16611e+02
4.79315e-02	-1.85526e+02
4.79315e-02	-1.45467e+02
4.79315e-02	-1.08907e+02
4.79315e-02	-4.48901e+01
4.79315e-02	-2.16557e+01
4.79315e-02	-1.15432e+01
4.79315e-02	-3.82135e+00
4.79315e-02	-1.84949e+00
4.79315e-02	-4.24570e-01
4.79315e-02	1.53853e-02
4.79315e-02	2.52823e-01
4.79317e-02	3.89575e-01
4.80679e-02	3.07700e-01
4.80679e-02	-4.19514e-01
4.80679e-02	-1.63622e+00
4.80679e-02	-1.85726e+00
4.80679e-02	-3.04271e+00
4.80679e-02	-1.27031e+02
4.80679e-02	-2.53878e+02
4.80679e-02	-2.66779e+02
4.80679e-02	-2.83152e+02
4.80679e-02	-2.91273e+02
4.80679e-02	-2.95144e+02
4.80679e-02	-2.96466e+02
4.80679e-02	-2.97113e+02
4.80679e-02	-2.97670e+02
4.80679e-02	-3.01391e+02
4.80679e-02	-3.02022e+02
4.80679e-02	-3.02425e+02
4.80679e-02	-3.02656e+02
4.84578e-02	-3.01960e+02
4.84578e-02	-2.79676e+02
4.84578e-02	-2.12767e+02
4.84578e-02	-1.07183e+02
4.84578e-02	-1.15208e+01
4.84578e-02	-4.80963e+00
4.84578e-02	8.09418e-01
4.84578e-02	2.29559e+00
4.84578e-02	3.62549e+00
4.84578e-02	4.57614e+00
4.84578e-02	7.35220e+00
4.84578e-02	7.70364e+00
4.84579e-02	7.92181e+00
4.87672e-02	5.77063e+00
4.89108e-02	5.06201e+00
4.89108e-02	5.04629e+00
4.89108e-02	4.59213e+00
4.89108e-02	3.04224e+00
4.89108e-02	-8.17654e+00
4.89108e-02	-1.88499e+01
4.89108e-02	-2.69309e+01
4.89108e-02	-3.23199e+01
4.89108e-02	-3.61887e+01
4.89108e-02	-3.95383e+01
4.89108e-02	-6.68630e+01
4.89108e-02	-1.50298e+02
4.89108e-02	-2.73700e+02
4.89108e-02	-2.92835e+02
4.89108e-02	-3.01491e+02
4.89109e-02	-3.01621e+02
4.92558e-02	-3.01377e+02
4.92558e-02	-3.00919e+02
4.92558e-02	-2.99265e+02
4.92558e-02	-2.94548e+02
4.92558e-02	-2.89058e+02
4.92558e-02	-2.83045e+02
4.92558e-02	-2.76632e+02
4.92558e-02	-2.71621e+02
4.92558e-02	-2.65375e+02
4.92558e-02	-2.62154e+02
4.92558e-02	-2.59712e+02
4.92558e-02	-2.55309e+02
4.92558e-02	-2.52966e+02
4.92558e-02	-2.50130e+02
4.92558e-02	-2.43635e+02
4.92558e-02	-2.30578e+02
4.92558e-02	-2.09880e+02
4.92558e-02	-1.75341e+02
4.92558e-02	-1.41697e+02
4.92558e-02	-9.36353e+01
4.92558e-02	-3.74000e+01
4.92558e-02	-1.77523e+01
4.92558e-02	-9.06601e+00
4.92558e-02	-3.12012e+00
4.92558e-02	-1.49709e+00
4.92558e-02	-3.92181e-01
4.92558e-02	-1.96456e-02
4.92558e-02	2.00516e-01
4.94155e-02	2.12187e-01
4.94155e-02	-4.91675e-01
4.94155e-02	-1.57254e+00
4.94155e-02	-1.88270e+00
4.94155e-02	-1.12115e+02
4.94155e-02	-2.40425e+02
4.94155e-02	-2.54929e+02
4.94155e-02	-2.75751e+02
4.94155e-02	-2.86612e+02
4.94155e-02	-2.93448e+02
4.94155e-02	-2.95863e+02
4.94155e-02	-2.96772e+02
4.94155e-02	-2.97439e+02
4.94156e-02	-2.99282e+02
4.94156e-02	-3.01554e+02
4.94156e-02	-3.02080e+02
4.94156e-02	-3.02460e+02
4.94156e-02	-3.02667e+02
4.96927e-02	-3.02157e+02
4.96927e-02	-2.94915e+02
4.96927e-02	-2.52466e+02
4.96927e-02	-1.54642e+02
4.96927e-02	-3.38224e+01
4.96927e-02	-2.22906e+01
4.96927e-02	-1.18243e+01
4.96927e-02	-4.89899e-01
4.96927e-02	2.49136e+00
4.96927e-02	3.43304e+00
4.96927e-02	5.43307e+00
4.96927e-02	6.24860e+00
4.96927e-02	6.52060e+00
4.96928e-02	6.67264e+00
5.00337e-02	4.69400e+00
5.03640e-02	3.39358e+00
5.03640e-02	3.42398e+00
5.03640e-02	2.80191e+00
5.03640e-02	1.07794e+00
5.03640e-02	-2.10877e+00
5.03640e-02	-5.94000e+00
5.03640e-02	-1.11674e+01
5.03640e-02	-1.73896e+01
5.03640e-02	-2.40028e+01
5.03640e-02	-3.14743e+01
5.03640e-02	-3.52255e+01
5.03640e-02	-3.74794e+01
5.03640e-02	-4.37339e+01
5.03640e-02	-4.87907e+01
5.03640e-02	-6.85199e+01
5.03640e-02	-2.10759e+02
5.03640e-02	-2.29157e+02
5.03640e-02	-2.63329e+02
5.03640e-02	-2.74644e+02
5.03640e-02	-2.83444e+02
5.03640e-02	-2.89824e+02
5.03640e-02	-2.91646e+02
5.03640e-02	-3.01403e+02
5.03641e-02	-3.01567e+02
5.05388e-02	-3.01480e+02
5.05388e-02	-3.01364e+02
5.05388e-02	-3.00538e+02
5.05388e-02	-2.98153e+02
5.05388e-02	-2.93841e+02
5.05388e-02	-2.82898e+02
5.05388e-02	-2.77693e+02
5.05388e-02	-2.72286e+02
5.05388e-02	-2.67843e+02
5.05388e-02	-2.64379e+02
5.05388e-02	-2.61424e+02
5.05388e-02	-2.58966e+02
5.05388e-02	-2.56962e+02
5.05388e-02	-2.54609e+02
5.05388e-02	-2.46558e+02
5.05388e-02	-2.31724e+02
5.05388e-02	-2.04155e+02
5.05388e-02	-1.66194e+02
5.05388e-02	-1.27185e+02
5.05388e-02	-8.21529e+01
5.05388e-02	-3.78045e+01
5.05388e-02	-1.89125e+01
5.05388e-02	-9.85182e+00
5.05388e-02	-3.53475e+00
5.05388e-02	-1.82135e+00
5.05388e-02	-5.70174e-01
5.05388e-02	-1.71290e-01
5.05388e-02	7.27415e-02
5.05402e-02	1.79084e-01
5.08104e-02	1.06484e-01
5.08104e-02	-5.92213e-01
5.08104e-02	-1.93028e+00
5.08104e-02	-4.85552e+00
5.08104e-02	-9.05218e+00
5.08104e-02	-1.24955e+01
5.08104e-02	-1.27555e+02
5.08104e-02	-2.53002e+02
5.08104e-02	-2.66217e+02
5.08104e-02	-2.83541e+02
5.08104e-02	-2.91759e+02
5.08104e-02	-2.95960e+02
5.08104e-02	-2.97437e+02
5.08104e-02	-2.98098e+02
5.08104e-02	-2.98623e+02
5.08104e-02	-3.02359e+02
5.08104e-02	-3.03001e+02
5.08104e-02	-3.03386e+02
5.08104e-02	-3.03609e+02
5.09240e-02	-3.03219e+02
5.09240e-02	-2.97226e+02
5.09240e-02	-2.52812e+02
5.09240e-02	-1.51395e+02
5.09240e-02	-3.19838e+01
5.09240e-02	-2.12420e+01
5.09240e-02	-9.43668e+00
5.09240e-02	-4.02658e+00
5.09240e-02	-2.05905e+00
5.09240e-02	-1.21719e+00
5.09240e-02	-5.65826e-01
5.09240e-02	3.01163e+00
5.09240e-02	3.68323e+00
5.09240e-02	3.98038e+00
5.09242e-02	4.11826e+00
5.13949e-02	2.53363e+00
5.17911e-02	1.61572e+00
5.17911e-02	1.72308e+00
5.17911e-02	2.69998e+00
5.17911e-02	5.47928e+00
5.17911e-02	1.01849e+01
5.17911e-02	2.15267e+01
5.17911e-02	2.72439e+01
5.17911e-02	3.37632e+01
5.17911e-02	3.87887e+01
5.17911e-02	4.15734e+01
5.17911e-02	4.41382e+01
5.17912e-02	4.86889e+01
5.17912e-02	5.18514e+01
5.17912e-02	5.88675e+01
5.17912e-02	7.11122e+01
5.17912e-02	9.41987e+01
5.17912e-02	1.26989e+02
5.17912e-02	1.59589e+02
5.17912e-02	2.07641e+02
5.17912e-02	2.65973e+02
5.17912e-02	2.85735e+02
5.17912e-02	2.94295e+02
5.17912e-02	3.00025e+02
5.17912e-02	3.02211e+02
5.17912e-02	3.03350e+02
5.17912e-02	3.03555e+02
5.17919e-02	3.03662e+02
5.18106e-02	3.03666e+02
5.18106e-02	3.03747e+02
5.18106e-02	2.94142e+02
5.18106e-02	2.83538e+02
5.18106e-02	2.74274e+02
5.18106e-02	2.67388e+02
5.18106e-02	2.64043e+02
5.18106e-02	2.60795e+02
5.18106e-02	2.58150e+02
5.18106e-02	2.54631e+02
5.18106e-02	2.49352e+02
5.18106e-02	2.38592e+02
5.18106e-02	2.15843e+02
5.18106e-02	1.86182e+02
5.18106e-02	1.51248e+02
5.18106e-02	1.09840e+02
5.18106e-02	4.40391e+01
5.18106e-02	2.16185e+01
5.18106e-02	1.06961e+01
5.18106e-02	1.05219e+01
5.18106e-02	2.12708e-01
5.18107e-02	5.75200e-02
5.21659e-02	9.36222e-02
5.21659e-02	6.27205e-01
5.21659e-02	8.69701e+00
5.21659e-02	5.80018e+01
5.21659e-02	1.61335e+02
5.21659e-02	2.76219e+02
5.21659e-02	2.85824e+02
5.21659e-02	2.95343e+02
5.21659e-02	2.98529e+02
5.21659e-02	2.99735e+02
5.21659e-02	3.00334e+02
5.21659e-02	3.00904e+02
5.21659e-02	3.04282e+02
5.21659e-02	3.05116e+02
5.21659e-02	3.05491e+02
5.21659e-02	3.05726e+02
5.22441e-02	3.05330e+02
5.22441e-02	3.04859e+02
5.22441e-02	2.99969e+02
5.22441e-02	2.55843e+02
5.22441e-02	1.52477e+02
5.22441e-02	3.34590e+01
5.22441e-02	2.32107e+01
5.22441e-02	1.24403e+01
5.22441e-02	8.01343e+00
5.22441e-02	6.42999e+00
5.22441e-02	5.76981e+00
5.22441e-02	5.15622e+00
5.22441e-02	1.72009e+00
5.22441e-02	8.47107e-01
5.22441e-02	4.37683e-01
5.22442e-02	1.85486e-01
5.30260e-02	7.20215e-03
5.30260e-02	-5.17883e-02
5.30260e-02	3.95447e-01
5.30260e-02	1.97372e+00
5.30260e-02	5.79260e+00
5.30260e-02	1.02296e+01
5.30260e-02	1.59628e+01
5.30260e-02	2.20527e+01
5.30260e-02	2.83306e+01
5.30260e-02	3.56324e+01
5.30260e-02	3.90386e+01
5.30260e-02	4.13787e+01
5.30260e-02	4.75461e+01
5.30260e-02	4.94421e+01
5.30260e-02	5.19528e+01
5.30260e-02	2.00662e+02
5.30260e-02	2.19997e+02
5.30260e-02	2.38849e+02
5.30260e-02	2.56046e+02
5.30260e-02	2.69993e+02
5.30260e-02	2.86054e+02
5.30260e-02	2.94757e+02
5.30260e-02	3.02754e+02
5.30261e-02	3.02916e+02
5.32266e-02	3.02567e+02
5.32266e-02	3.02069e+02
5.32266e-02	3.00377e+02
5.32266e-02	2.95545e+02
5.32266e-02	2.90232e+02
5.32266e-02	2.84341e+02
5.32266e-02	2.78184e+02
5.32266e-02	2.72857e+02
5.32266e-02	2.66657e+02
5.32266e-02	2.63532e+02
5.32266e-02	2.61116e+02
5.32266e-02	2.54944e+02
5.32266e-02	2.53090e+02
5.32266e-02	2.50475e+02
5.32266e-02	2.49992e+02
5.32266e-02	2.48441e+02
5.32266e-02	2.43976e+02
5.32266e-02	2.32705e+02
5.32266e-02	2.10616e+02
5.32266e-02	1.80296e+02
5.32266e-02	1.44556e+02
5.32266e-02	9.95165e+01
5.32266e-02	3.89120e+01
5.32266e-02	1.87110e+01
5.32266e-02	9.99951e+00
5.32266e-02	3.42292e+00
5.32266e-02	7.84145e-02
5.32267e-02	-6.99704e-02
5.34320e-02	-4.54810e-02
5.34320e-02	5.05414e-01
5.34320e-02	2.64012e+00
5.34320e-02	3.63528e+01
5.34320e-02	1.30516e+02
5.34320e-02	2.55264e+02
5.34320e-02	2.67896e+02
5.34320e-02	2.84143e+02
5.34320e-02	2.93238e+02
5.34320e-02	2.94428e+02
5.34320e-02	2.95283e+02
5.34320e-02	2.98119e+02
5.34320e-02	2.99615e+02
5.34320e-02	3.02641e+02
5.34320e-02	3.03366e+02
5.34320e-02	3.03766e+02
5.34320e-02	3.03998e+02
5.36974e-02	3.03154e+02
5.36974e-02	3.00203e+02
5.36974e-02	2.72493e+02
5.36974e-02	1.90262e+02
5.36974e-02	6.14770e+01
5.36974e-02	1.94142e+01
5.36974e-02	2.75375e+00
5.36974e-02	5.73547e-01
5.36974e-02	-9.07623e-01
5.36974e-02	-2.60709e+00
5.36974e-02	-3.11618e+00
5.36974e-02	-3.41446e+00
5.36982e-02	-3.52039e+00
5.41897e-02	-2.11975e+00
5.42573e-02	-1.97897e+00
5.42573e-02	-1.40668e+00
5.42573e-02	2.74323e-01
5.42573e-02	3.64508e+00
5.42573e-02	7.63004e+00
5.42573e-02	1.29958e+01
5.42573e-02	1.96894e+01
5.42573e-02	2.48046e+01
5.42573e-02	2.93850e+01
5.42573e-02	3.40841e+01
5.42573e-02	3.75625e+01
5.42573e-02	3.98191e+01
5.42573e-02	4.55526e+01
5.42573e-02	4.68891e+01
5.42573e-02	1.66410e+02
5.42573e-02	2.79910e+02
5.42573e-02	2.87722e+02
5.42573e-02	2.98992e+02
5.42573e-02	3.02106e+02
5.42581e-02	3.02214e+02
5.45982e-02	3.01782e+02
5.45982e-02	3.01887e+02
5.45982e-02	3.01589e+02
5.45982e-02	3.00197e+02
5.45982e-02	2.96212e+02
5.45982e-02	2.90999e+02
5.45982e-02	2.84979e+02
5.45982e-02	2.79036e+02
5.45982e-02	2.72277e+02
5.45982e-02	2.65214e+02
5.45982e-02	2.62003e+02
5.45982e-02	2.59670e+02
5.45982e-02	2.54904e+02
5.45982e-02	2.48714e+02
5.45982e-02	2.36333e+02
5.45982e-02	2.14001e+02
5.45982e-02	1.81090e+02
5.45982e-02	1.39459e+02
5.45982e-02	1.02115e+02
5.45982e-02	3.84681e+01
5.45982e-02	1.80301e+01
5.45982e-02	9.34392e+00
5.45982e-02	3.33785e+00
5.45982e-02	1.71343e+00
5.45982e-02	5.30259e-01
5.45982e-02	1.75937e-01
5.45982e-02	-6.27588e-02
5.45987e-02	-1.78687e-01
5.47345e-02	-1.16551e-01
5.47345e-02	5.90939e-01
5.47345e-02	1.74618e+00
5.47345e-02	1.97296e+00
5.47345e-02	4.30136e+00
5.47345e-02	7.26301e+00
5.47345e-02	1.05261e+01
5.47345e-02	1.15390e+01
5.47345e-02	1.18845e+02
5.47345e-02	2.43597e+02
5.47345e-02	2.57646e+02
5.47345e-02	2.77622e+02
5.47345e-02	2.87788e+02
5.47345e-02	2.94008e+02
5.47345e-02	2.96227e+02
5.47345e-02	2.97068e+02
5.47345e-02	2.97665e+02
5.47346e-02	3.00717e+02
5.47346e-02	3.01763e+02
5.47346e-02	3.02283e+02
5.47346e-02	3.02657e+02
5.47346e-02	3.02863e+02
5.51439e-02	3.02052e+02
5.51439e-02	3.01727e+02
5.51439e-02	3.01543e+02
5.51439e-02	2.55131e+02
5.51439e-02	1.53897e+02
5.51439e-02	3.17376e+01
5.51439e-02	2.05792e+01
5.51439e-02	8.03720e+00
5.51439e-02	2.53174e+00
5.51439e-02	2.32849e-01
5.51439e-02	-6.61560e-01
5.51439e-02	-1.31967e+00
5.51439e-02	-4.93179e+00
5.51439e-02	-5.36374e+00
5.51439e-02	-5.72952e+00
5.51440e-02	-5.95300e+00
5.54992e-02	-4.16226e+00
5.54992e-02	-4.24655e+00
5.54992e-02	-3.74994e+00
5.54992e-02	-2.36740e+00
5.54992e-02	3.31055e-01
5.54992e-02	3.73633e+00
5.54992e-02	1.43471e+01
5.54992e-02	2.09355e+01
5.54992e-02	2.81094e+01
5.54992e-02	3.29351e+01
5.54992e-02	3.55904e+01
5.54992e-02	3.78573e+01
5.54992e-02	4.36954e+01
5.54992e-02	4.57684e+01
5.54992e-02	5.03183e+01
5.54992e-02	5.91930e+01
5.54992e-02	7.49425e+01
5.54992e-02	2.35858e+02
5.54992e-02	2.52711e+02
5.54992e-02	2.66140e+02
5.54992e-02	2.77939e+02
5.54992e-02	2.95116e+02
5.54992e-02	3.01623e+02
5.54998e-02	3.01734e+02
5.59225e-02	3.01366e+02
5.59225e-02	3.01412e+02
5.59225e-02	3.01226e+02
5.59225e-02	3.00157e+02
5.59225e-02	2.97103e+02
5.59225e-02	2.92157e+02
5.59225e-02	2.86355e+02
5.59225e-02	2.80303e+02
5.59225e-02	2.74712e+02
5.59225e-02	2.68005e+02
5.59225e-02	2.63522e+02
5.59225e-02	2.60899e+02
5.59225e-02	2.58419e+02
5.59225e-02	2.54124e+02
5.59225e-02	2.51388e+02
5.59225e-02	2.45352e+02
5.59225e-02	2.34479e+02
5.59225e-02	2.13361e+02
5.59225e-02	1.81161e+02
5.59225e-02	1.48973e+02
5.59225e-02	1.03253e+02
5.59225e-02	4.17768e+01
5.59225e-02	1.98902e+01
5.59225e-02	1.03991e+01
5.59225e-02	3.50423e+00
5.59225e-02	1.71612e+00
5.59225e-02	4.70653e-01
5.59225e-02	9.98239e-02
5.59225e-02	-1.50338e-01
5.59228e-02	-2.69970e-01
5.60822e-02	-2.38322e-01
5.60822e-02	3.93935e-01
5.60822e-02	1.52500e+00
5.60822e-02	1.82275e+00
5.60822e-02	5.20204e+00
5.60822e-02	1.04283e+01
5.60822e-02	1.47499e+01
5.60822e-02	1.67735e+01
5.60822e-02	1.50295e+02
5.60822e-02	2.69041e+02
5.60822e-02	2.79307e+02
5.60822e-02	2.90080e+02
5.60822e-02	2.94600e+02
5.60822e-02	2.96204e+02
5.60822e-02	2.96891e+02
5.60822e-02	2.97529e+02
5.60822e-02	3.00905e+02
5.60822e-02	3.01809e+02
5.60822e-02	3.02269e+02
5.60822e-02	3.02594e+02
5.69670e-02	3.01340e+02
5.72055e-02	3.01192e+02
5.72055e-02	3.01322e+02
5.72055e-02	3.01230e+02
5.72055e-02	3.00340e+02
5.72055e-02	2.98008e+02
5.72055e-02	2.93606e+02
5.72055e-02	2.82911e+02
5.72055e-02	2.75740e+02
5.72055e-02	2.68452e+02
5.72055e-02	2.63387e+02
5.72055e-02	2.60698e+02
5.72055e-02	2.58053e+02
5.72055e-02	2.55604e+02
5.72055e-02	2.53030e+02
5.72055e-02	2.49899e+02
5.72055e-02	2.42795e+02
5.72055e-02	2.27949e+02
5.72055e-02	2.04985e+02
5.72055e-02	1.73663e+02
5.72055e-02	1.38768e+02
5.72055e-02	8.78065e+01
5.72055e-02	3.94473e+01
5.72055e-02	1.95752e+01
5.72055e-02	1.02097e+01
5.72055e-02	3.44549e+00
5.72055e-02	1.63852e+00
5.72055e-02	3.27044e-01
5.72055e-02	-9.88408e-02
5.72055e-02	-3.42115e-01
5.72066e-02	-4.49541e-01
5.74770e-02	-3.44445e-01
5.74770e-02	3.23027e-01
5.74770e-02	1.55347e+00
5.74770e-02	1.94162e+00
5.74770e-02	3.00722e+00
5.74770e-02	1.13162e+02
5.74770e-02	2.42245e+02
5.74770e-02	2.56791e+02
5.74770e-02	2.77560e+02
5.74770e-02	2.87929e+02
5.74770e-02	2.94428e+02
5.74770e-02	2.96748e+02
5.74770e-02	2.97591e+02
5.74770e-02	2.98180e+02
5.74770e-02	3.00504e+02
5.74770e-02	3.02235e+02
5.74770e-02	3.02790e+02
5.74770e-02	3.03162e+02
5.74771e-02	3.03359e+02
5.78745e-02	3.02308e+02
5.78745e-02	3.02457e+02
5.81302e-02	3.01895e+02
5.81302e-02	3.01401e+02
5.81302e-02	3.01633e+02
5.84578e-02	3.01238e+02
5.84578e-02	3.00833e+02
5.84578e-02	2.99357e+02
5.84578e-02	2.95346e+02
5.84578e-02	2.90358e+02
5.84578e-02	2.84516e+02
5.84578e-02	2.78493e+02
5.84578e-02	2.73182e+02
5.84578e-02	2.67706e+02
5.84578e-02	2.64034e+02
5.84578e-02	2.61098e+02
5.84578e-02	2.58885e+02
5.84578e-02	2.54652e+02
5.84578e-02	2.48438e+02
5.84578e-02	2.36965e+02
5.84578e-02	2.16147e+02
5.84578e-02	1.84336e+02
5.84578e-02	1.45306e+02
5.84578e-02	1.07820e+02
5.84578e-02	4.27790e+01
5.84578e-02	2.02025e+01
5.84578e-02	1.04791e+01
5.84578e-02	2.82999e+00
5.84578e-02	-6.82374e-01
5.84579e-02	-8.32525e-01
5.89108e-02	-7.54000e-01
5.89108e-02	-2.46017e-01
5.89108e-02	5.23938e+00
5.89108e-02	4.86470e+01
5.89108e-02	1.49666e+02
5.89108e-02	2.69362e+02
5.89108e-02	2.80048e+02
5.89108e-02	2.91564e+02
5.89108e-02	2.96358e+02
5.89108e-02	2.98076e+02
5.89108e-02	2.98771e+02
5.89108e-02	2.99396e+02
5.89108e-02	3.02836e+02
5.89108e-02	3.03704e+02
5.89108e-02	3.04111e+02
5.89108e-02	3.04361e+02
5.92077e-02	3.03201e+02
5.92077e-02	3.03535e+02
5.92077e-02	3.03521e+02
5.92077e-02	3.03727e+02
5.94638e-02	3.02844e+02
5.94638e-02	3.02425e+02
5.94638e-02	3.01087e+02
5.94638e-02	3.00668e+02
5.94638e-02	3.00840e+02
5.94638e-02	3.01892e+02
5.94638e-02	3.02227e+02
5.94639e-02	3.02407e+02
5.96927e-02	3.01934e+02
5.96927e-02	3.01863e+02
5.96927e-02	3.01003e+02
5.96927e-02	2.98584e+02
5.96927e-02	2.94229e+02
5.96927e-02	2.83652e+02
5.96927e-02	2.77776e+02
5.96927e-02	2.71437e+02
5.96927e-02	2.65497e+02
5.96927e-02	2.62485e+02
5.96927e-02	2.60167e+02
5.96927e-02	2.55864e+02
5.96927e-02	2.53666e+02
5.96927e-02	2.51075e+02
5.96927e-02	2.47079e+02
5.96927e-02	9.14621e+01
5.96927e-02	7.26700e+01
5.96927e-02	3.89355e+01
5.96927e-02	2.15051e+01
5.96927e-02	-7.49240e-01
5.96927e-02	-9.22547e-01
6.00000e-02	-9.08295e-01
