time	V(a)
0.000000000000000e+000	1.936979e-004	
3.64029e-04	-7.11727e-02
3.64035e-04	-2.11526e-01
3.64040e-04	-2.58879e-01
3.64041e-04	1.00769e+01
3.64042e-04	4.87350e+01
3.64043e-04	1.41970e+02
3.64044e-04	2.64093e+02
3.64044e-04	2.76413e+02
3.64044e-04	2.92234e+02
3.64044e-04	2.98981e+02
3.64045e-04	3.02885e+02
3.64045e-04	3.04353e+02
3.64045e-04	3.05004e+02
3.64045e-04	3.05719e+02
3.64048e-04	3.07700e+02
3.64051e-04	3.09554e+02
3.64053e-04	3.09851e+02
3.64200e-04	3.09998e+02
6.38544e-04	3.07495e+02
9.23952e-04	3.05587e+02
9.23954e-04	3.05710e+02
9.23954e-04	3.05530e+02
9.23954e-04	3.04809e+02
9.23954e-04	3.02527e+02
9.23955e-04	2.99340e+02
9.23955e-04	2.90084e+02
9.23956e-04	2.83787e+02
9.23956e-04	2.77135e+02
9.23957e-04	2.69741e+02
9.23958e-04	2.66256e+02
9.23958e-04	2.64207e+02
9.23960e-04	2.58146e+02
9.23961e-04	2.54949e+02
9.23961e-04	2.47609e+02
9.23961e-04	2.34664e+02
9.23961e-04	2.11793e+02
9.23962e-04	1.79325e+02
9.23962e-04	1.47129e+02
9.23962e-04	9.86878e+01
9.23963e-04	4.05812e+01
9.23963e-04	2.02541e+01
9.23963e-04	1.13630e+01
9.23963e-04	6.31049e+00
9.23963e-04	3.59953e+00
9.23963e-04	2.18039e+00
9.23963e-04	5.83018e-01
9.23964e-04	2.75291e-01
9.23965e-04	-7.11219e-01
9.24181e-04	-8.44279e-01
1.81058e-03	-6.85379e-01
1.81058e-03	-6.58559e-01
1.81058e-03	-2.09231e-02
1.81058e-03	2.04753e+01
1.81058e-03	8.40076e+01
1.81058e-03	1.89995e+02
1.81058e-03	2.89057e+02
1.81058e-03	2.95919e+02
1.81058e-03	3.01334e+02
1.81058e-03	3.02577e+02
1.81058e-03	3.03023e+02
1.81058e-03	3.04778e+02
1.81059e-03	3.07275e+02
1.81059e-03	3.07686e+02
1.81059e-03	3.07984e+02
1.81067e-03	3.08177e+02
2.14114e-03	3.05771e+02
2.16584e-03	3.05694e+02
2.16584e-03	3.05669e+02
2.16584e-03	3.05239e+02
2.16584e-03	3.04021e+02
2.16584e-03	3.01649e+02
2.16584e-03	2.98476e+02
2.16585e-03	2.88464e+02
2.16585e-03	2.83014e+02
2.16585e-03	2.77799e+02
2.16585e-03	2.72075e+02
2.16585e-03	2.68312e+02
2.16585e-03	2.65860e+02
2.16585e-03	2.63807e+02
2.16585e-03	2.58220e+02
2.16585e-03	2.55664e+02
2.16585e-03	2.49833e+02
2.16585e-03	2.39506e+02
2.16585e-03	2.18886e+02
2.16585e-03	1.91588e+02
2.16585e-03	1.59001e+02
2.16585e-03	1.17682e+02
2.16585e-03	5.53922e+01
2.16585e-03	2.84267e+01
2.16585e-03	1.48698e+01
2.16585e-03	3.25943e+00
2.16586e-03	-7.73703e-01
2.16668e-03	-8.80041e-01
4.31670e-03	-4.88199e-01
4.54119e-03	-4.50997e-01
4.54119e-03	-6.08010e-01
4.79688e-03	-5.62072e-01
4.79688e-03	2.36495e-01
4.79688e-03	-1.45278e-01
4.79703e-03	-2.95478e-01
5.87438e-03	-1.73506e-01
5.87438e-03	-4.84372e-01
5.87439e-03	-4.22457e-01
5.87439e-03	-6.45801e-01
6.13047e-03	-5.34019e-01
6.13048e-03	6.63901e-01
6.13048e-03	1.37239e+00
6.13048e-03	1.73855e+00
6.13048e-03	1.50657e+00
6.13048e-03	4.34974e-01
6.13048e-03	1.09936e-01
6.13058e-03	-7.00958e-02
7.19820e-03	-7.91048e-02
7.19821e-03	-4.13373e-01
7.19821e-03	-3.22319e-01
7.19822e-03	-6.22798e-01
7.24842e-03	-5.66669e-01
7.24842e-03	2.59611e-01
7.24842e-03	2.64327e+01
7.24842e-03	9.90956e+01
7.24842e-03	1.98400e+02
7.24842e-03	2.86337e+02
7.24842e-03	2.93365e+02
7.24842e-03	3.01487e+02
7.24842e-03	3.04678e+02
7.24842e-03	3.06414e+02
7.24843e-03	3.08085e+02
7.24843e-03	3.09314e+02
7.24843e-03	3.09650e+02
7.24843e-03	3.09871e+02
7.24875e-03	3.09975e+02
7.47388e-03	3.07934e+02
7.47388e-03	3.08170e+02
7.47389e-03	3.07820e+02
7.47389e-03	3.07448e+02
7.47389e-03	3.03959e+02
7.47389e-03	3.03435e+02
7.47389e-03	3.02838e+02
7.47389e-03	3.02220e+02
7.47389e-03	2.83623e+02
7.47390e-03	2.59083e+02
7.47390e-03	2.28894e+02
7.47390e-03	1.95453e+02
7.47390e-03	1.48270e+02
7.47390e-03	9.63963e+01
7.47390e-03	4.88856e+01
7.47390e-03	1.98083e+01
7.47390e-03	5.46865e+00
7.47390e-03	6.52518e-01
7.47391e-03	-7.15340e-01
8.45782e-03	-6.96403e-01
8.45782e-03	3.17413e-01
8.45782e-03	2.31983e+01
8.45782e-03	9.30657e+01
8.45782e-03	2.13018e+02
8.45782e-03	2.29188e+02
8.45782e-03	2.56979e+02
8.45782e-03	2.78657e+02
8.45782e-03	2.92401e+02
8.45782e-03	2.99844e+02
8.45782e-03	3.02952e+02
8.45782e-03	3.03982e+02
8.45782e-03	3.04435e+02
8.45782e-03	3.05507e+02
8.45783e-03	3.08073e+02
8.45783e-03	3.08879e+02
8.45784e-03	3.09104e+02
8.45829e-03	3.09216e+02
8.76484e-03	3.06679e+02
8.91079e-03	3.05818e+02
8.91079e-03	3.05868e+02
8.91079e-03	3.05715e+02
8.91079e-03	3.05054e+02
8.91079e-03	3.03541e+02
8.91079e-03	2.91473e+02
8.91079e-03	2.80919e+02
8.91079e-03	2.73145e+02
8.91080e-03	2.67971e+02
8.91080e-03	2.64192e+02
8.91080e-03	2.60743e+02
8.91080e-03	2.29003e+02
8.91080e-03	1.40044e+02
8.91080e-03	2.49315e+01
8.91080e-03	1.54281e+01
8.91080e-03	6.41197e+00
8.91080e-03	-7.10596e-01
8.91084e-03	-8.70933e-01
9.69266e-03	-7.83189e-01
9.69266e-03	4.29538e+00
9.69266e-03	3.63118e+01
9.69266e-03	1.20531e+02
9.69266e-03	2.44957e+02
9.69266e-03	2.59462e+02
9.69266e-03	2.82791e+02
9.69266e-03	2.97298e+02
9.69266e-03	3.03385e+02
9.69266e-03	3.04625e+02
9.69267e-03	3.07161e+02
9.69267e-03	3.07568e+02
9.69267e-03	3.07860e+02
9.69275e-03	3.08054e+02
1.00002e-02	3.05824e+02
1.03640e-02	3.03971e+02
1.03640e-02	3.03983e+02
1.03640e-02	3.03558e+02
1.03640e-02	3.02253e+02
1.03640e-02	2.99255e+02
1.03640e-02	2.95482e+02
1.03640e-02	2.84378e+02
1.03640e-02	2.79543e+02
1.03640e-02	2.74297e+02
1.03640e-02	2.69999e+02
1.03640e-02	2.66421e+02
1.03640e-02	2.64002e+02
1.03640e-02	2.61963e+02
1.03640e-02	2.56500e+02
1.03640e-02	2.54371e+02
1.03640e-02	2.39821e+02
1.03640e-02	1.20202e+02
1.03640e-02	3.34198e+01
1.03640e-02	-7.69265e-01
1.03641e-02	-9.36621e-01
1.09240e-02	-7.66632e-01
1.09240e-02	-1.12187e-01
1.09240e-02	1.05148e-01
1.09240e-02	4.25301e+01
1.09240e-02	1.33971e+02
1.09240e-02	2.58948e+02
1.09240e-02	2.72058e+02
1.09240e-02	2.88921e+02
1.09240e-02	2.95874e+02
1.09240e-02	2.99474e+02
1.09240e-02	3.00873e+02
1.09240e-02	3.01417e+02
1.09240e-02	3.02116e+02
1.09240e-02	3.05653e+02
1.09240e-02	3.06179e+02
1.09240e-02	3.06457e+02
1.09269e-02	3.06539e+02
1.12910e-02	3.04444e+02
1.17408e-02	3.02734e+02
1.18106e-02	3.02625e+02
1.18106e-02	3.02210e+02
1.18106e-02	3.00708e+02
1.18106e-02	2.96112e+02
1.18106e-02	2.90427e+02
1.18106e-02	2.84937e+02
1.18106e-02	2.78537e+02
1.18106e-02	2.73360e+02
1.18106e-02	2.66832e+02
1.18106e-02	2.63607e+02
1.18106e-02	2.61301e+02
1.18106e-02	2.55378e+02
1.18106e-02	2.52120e+02
1.18106e-02	2.44694e+02
1.18106e-02	2.32056e+02
1.18106e-02	2.08887e+02
1.18106e-02	1.75900e+02
1.18106e-02	1.42771e+02
1.18106e-02	9.53820e+01
1.18106e-02	4.12093e+01
1.18106e-02	2.03884e+01
1.18106e-02	1.10136e+01
1.18106e-02	3.90333e+00
1.18106e-02	1.96726e+00
1.18106e-02	7.15178e-02
1.18106e-02	-6.26518e-01
1.18106e-02	-8.75818e-01
1.18107e-02	-1.01479e+00
1.21658e-02	-8.78054e-01
1.21659e-02	-3.34452e-01
1.21659e-02	9.02024e+00
1.21659e-02	6.22249e+01
1.21659e-02	1.67766e+02
1.21659e-02	2.78695e+02
1.21659e-02	2.87435e+02
1.21659e-02	2.95568e+02
1.21659e-02	2.98003e+02
1.21659e-02	2.98948e+02
1.21659e-02	2.99514e+02
1.21659e-02	3.00072e+02
1.21659e-02	3.03497e+02
1.21659e-02	3.04221e+02
1.21659e-02	3.04582e+02
1.21659e-02	3.04776e+02
1.26042e-02	3.02984e+02
1.31481e-02	3.01635e+02
1.32266e-02	3.01558e+02
1.32266e-02	3.01660e+02
1.32266e-02	3.01371e+02
1.32266e-02	3.00047e+02
1.32266e-02	2.96203e+02
1.32266e-02	2.91114e+02
1.32266e-02	2.85265e+02
1.32266e-02	2.79223e+02
1.32266e-02	2.72714e+02
1.32266e-02	2.65322e+02
1.32266e-02	2.62043e+02
1.32266e-02	2.59771e+02
1.32266e-02	2.55299e+02
1.32266e-02	2.51599e+02
1.32266e-02	2.45401e+02
1.32266e-02	2.33265e+02
1.32266e-02	2.09310e+02
1.32266e-02	1.76434e+02
1.32266e-02	1.43291e+02
1.32266e-02	9.65314e+01
1.32266e-02	3.76928e+01
1.32266e-02	1.75437e+01
1.32266e-02	8.87777e+00
1.32266e-02	2.81423e+00
1.32266e-02	1.14023e+00
1.32266e-02	1.94190e-01
1.32266e-02	-5.19505e-01
1.32266e-02	-8.12146e-01
1.32266e-02	-9.94871e-01
1.34320e-02	-1.00736e+00
1.34320e-02	-5.29427e-02
1.34320e-02	1.51093e+01
1.34320e-02	8.21623e+01
1.34320e-02	2.08645e+02
1.34320e-02	2.25671e+02
1.34320e-02	2.53691e+02
1.34320e-02	2.73893e+02
1.34320e-02	2.87876e+02
1.34320e-02	2.95625e+02
1.34320e-02	2.96258e+02
1.34320e-02	2.96748e+02
1.34320e-02	2.97363e+02
1.34320e-02	2.97852e+02
1.34320e-02	2.99031e+02
1.34320e-02	3.01982e+02
1.34320e-02	3.02530e+02
1.34320e-02	3.02894e+02
1.34321e-02	3.03082e+02
1.39802e-02	3.01685e+02
1.45981e-02	3.00856e+02
1.45982e-02	3.01038e+02
1.45982e-02	3.00575e+02
1.45982e-02	2.99069e+02
1.45982e-02	2.95968e+02
1.45982e-02	2.91765e+02
1.45982e-02	2.85841e+02
1.45982e-02	2.79319e+02
1.45982e-02	2.71332e+02
1.45982e-02	2.64077e+02
1.45982e-02	2.60851e+02
1.45982e-02	2.58236e+02
1.45982e-02	2.52910e+02
1.45982e-02	2.49757e+02
1.45982e-02	2.42684e+02
1.45982e-02	2.27877e+02
1.45982e-02	2.05060e+02
1.45982e-02	1.73366e+02
1.45982e-02	1.38151e+02
1.45982e-02	8.78320e+01
1.45982e-02	3.95900e+01
1.45982e-02	1.95302e+01
1.45982e-02	1.00443e+01
1.45982e-02	3.05320e+00
1.45982e-02	1.18577e+00
1.45982e-02	-2.53285e-01
1.45982e-02	-7.02932e-01
1.45982e-02	-9.53645e-01
1.45984e-02	-1.08048e+00
1.47345e-02	-9.85338e-01
1.47345e-02	-2.79839e-01
1.47345e-02	9.81050e-01
1.47345e-02	1.91128e+00
1.47345e-02	3.93324e+00
1.47345e-02	5.40841e+00
1.47345e-02	8.59966e+00
1.47345e-02	1.44381e+02
1.47345e-02	2.66497e+02
1.47345e-02	2.77191e+02
1.47345e-02	2.88597e+02
1.47345e-02	2.93670e+02
1.47345e-02	2.95417e+02
1.47345e-02	2.96225e+02
1.47345e-02	2.96875e+02
1.47346e-02	3.00345e+02
1.47346e-02	3.01193e+02
1.47346e-02	3.01655e+02
1.47346e-02	3.01940e+02
1.55286e-02	3.00793e+02
1.59225e-02	3.00544e+02
1.59225e-02	3.00585e+02
1.59225e-02	3.00294e+02
1.59225e-02	2.98967e+02
1.59225e-02	2.95224e+02
1.59225e-02	2.89725e+02
1.59225e-02	2.83347e+02
1.59225e-02	2.77053e+02
1.59225e-02	2.71786e+02
1.59225e-02	2.65131e+02
1.59225e-02	2.61520e+02
1.59225e-02	2.59131e+02
1.59225e-02	2.54583e+02
1.59225e-02	2.52309e+02
1.59225e-02	2.49620e+02
1.59225e-02	2.43539e+02
1.59225e-02	2.31254e+02
1.59225e-02	2.11221e+02
1.59225e-02	1.81204e+02
1.59225e-02	1.47125e+02
1.59225e-02	1.02375e+02
1.59225e-02	3.76805e+01
1.59225e-02	1.67931e+01
1.59225e-02	8.10568e+00
1.59225e-02	2.19015e+00
1.59225e-02	5.92567e-01
1.59225e-02	-4.49808e-01
1.59225e-02	-7.99805e-01
1.59225e-02	-1.00974e+00
1.60822e-02	-9.85732e-01
1.60822e-02	-2.65888e-01
1.60822e-02	1.11209e+00
1.60822e-02	2.57542e+00
1.60822e-02	1.20674e+02
1.60822e-02	2.47589e+02
1.60822e-02	2.61171e+02
1.60822e-02	2.79489e+02
1.60822e-02	2.88682e+02
1.60822e-02	2.93681e+02
1.60822e-02	2.95425e+02
1.60822e-02	2.96194e+02
1.60822e-02	2.96767e+02
1.60822e-02	3.00435e+02
1.60822e-02	3.01173e+02
1.60822e-02	3.01608e+02
1.60823e-02	3.01864e+02
1.68609e-02	3.00762e+02
1.72055e-02	3.00554e+02
1.72055e-02	3.00693e+02
1.72055e-02	3.00519e+02
1.72055e-02	2.99350e+02
1.72055e-02	2.96309e+02
1.72055e-02	2.91397e+02
1.72055e-02	2.85749e+02
1.72055e-02	2.79840e+02
1.72055e-02	2.71503e+02
1.72055e-02	2.64560e+02
1.72055e-02	2.61222e+02
1.72055e-02	2.58858e+02
1.72055e-02	2.53874e+02
1.72055e-02	2.45326e+02
1.72055e-02	2.29036e+02
1.72055e-02	1.96400e+02
1.72055e-02	1.55912e+02
1.72055e-02	1.16858e+02
1.72055e-02	6.82639e+01
1.72055e-02	3.49104e+01
1.72055e-02	1.80487e+01
1.72055e-02	8.96969e+00
1.72055e-02	2.68716e+00
1.72055e-02	9.63566e-01
1.72055e-02	-3.24153e-01
1.72055e-02	-7.13738e-01
1.72055e-02	-1.00300e+00
1.74770e-02	-9.30210e-01
1.74770e-02	-2.38129e-01
1.74770e-02	6.94152e-01
1.74770e-02	1.86489e+00
1.74770e-02	5.73150e+00
1.74770e-02	9.87315e+00
1.74770e-02	1.32217e+01
1.74770e-02	1.06779e+02
1.74770e-02	2.31056e+02
1.74770e-02	2.46400e+02
1.74770e-02	2.70243e+02
1.74770e-02	2.82938e+02
1.74770e-02	2.91754e+02
1.74770e-02	2.95783e+02
1.74770e-02	2.96918e+02
1.74770e-02	2.97551e+02
1.74770e-02	2.99350e+02
1.74770e-02	3.01657e+02
1.74770e-02	3.02198e+02
1.74770e-02	3.02563e+02
1.74771e-02	3.02759e+02
1.80420e-02	3.01474e+02
1.84578e-02	3.00971e+02
1.84578e-02	3.00898e+02
1.84578e-02	3.00010e+02
1.84578e-02	2.97451e+02
1.84578e-02	2.92894e+02
1.84578e-02	2.81890e+02
1.84578e-02	2.76112e+02
1.84578e-02	2.69612e+02
1.84578e-02	2.64078e+02
1.84578e-02	2.61193e+02
1.84578e-02	2.58548e+02
1.84578e-02	2.54051e+02
1.84578e-02	2.51015e+02
1.84578e-02	2.44709e+02
1.84578e-02	2.33354e+02
1.84578e-02	2.10868e+02
1.84578e-02	1.78982e+02
1.84578e-02	3.00148e+01
1.84578e-02	1.94727e+01
1.84578e-02	-8.75424e-01
1.84578e-02	-1.04347e+00
1.89108e-02	-8.96072e-01
1.89108e-02	-3.13955e-01
1.89108e-02	1.11113e+01
1.89108e-02	7.11817e+01
1.89108e-02	1.95784e+02
1.89108e-02	2.13635e+02
1.89108e-02	2.44228e+02
1.89108e-02	2.69917e+02
1.89108e-02	2.86435e+02
1.89108e-02	2.95373e+02
1.89108e-02	2.98093e+02
1.89108e-02	2.98814e+02
1.89108e-02	2.99331e+02
1.89108e-02	3.02682e+02
1.89108e-02	3.03555e+02
1.89108e-02	3.03960e+02
1.89109e-02	3.04214e+02
1.93975e-02	3.02503e+02
1.96927e-02	3.01872e+02
1.96927e-02	3.01908e+02
1.96927e-02	3.01584e+02
1.96927e-02	3.00247e+02
1.96927e-02	2.96523e+02
1.96927e-02	2.91182e+02
1.96927e-02	2.85308e+02
1.96927e-02	2.78977e+02
1.96927e-02	2.73767e+02
1.96927e-02	2.66508e+02
1.96927e-02	2.62882e+02
1.96927e-02	2.60615e+02
1.96927e-02	2.54595e+02
1.96927e-02	2.51963e+02
1.96927e-02	2.48245e+02
1.96927e-02	9.57337e+01
1.96927e-02	7.69334e+01
1.96927e-02	4.22251e+01
1.96927e-02	2.36465e+01
1.96927e-02	-8.01433e-01
1.96927e-02	-9.82812e-01
2.03640e-02	-8.69139e-01
2.03640e-02	-8.09944e-01
2.03640e-02	2.46624e+00
2.03640e-02	3.51571e+01
2.03640e-02	1.25018e+02
2.03640e-02	2.50461e+02
2.03640e-02	2.64056e+02
2.03640e-02	2.82930e+02
2.03640e-02	2.91954e+02
2.03640e-02	2.97523e+02
2.03640e-02	2.99524e+02
2.03640e-02	3.00317e+02
2.03640e-02	3.00719e+02
2.03640e-02	3.03414e+02
2.03640e-02	3.04642e+02
2.03641e-02	3.05346e+02
2.03641e-02	3.05675e+02
2.03642e-02	3.05830e+02
2.07280e-02	3.03958e+02
2.09240e-02	3.03264e+02
2.09240e-02	3.03358e+02
2.09240e-02	3.02827e+02
2.09240e-02	3.01335e+02
2.09240e-02	2.98017e+02
2.09240e-02	2.94260e+02
2.09240e-02	2.88858e+02
2.09240e-02	2.82721e+02
2.09240e-02	2.74877e+02
2.09240e-02	2.67690e+02
2.09240e-02	2.64416e+02
2.09240e-02	2.62076e+02
2.09240e-02	2.57803e+02
2.09240e-02	2.55981e+02
2.09240e-02	2.53390e+02
2.09240e-02	2.47721e+02
2.09240e-02	2.37575e+02
2.09240e-02	2.17482e+02
2.09240e-02	1.89218e+02
2.09240e-02	1.55802e+02
2.09240e-02	1.14825e+02
2.09240e-02	5.17009e+01
2.09240e-02	2.40896e+01
2.09240e-02	2.21426e+01
2.09240e-02	4.93334e+00
2.09240e-02	-8.62864e-01
2.09242e-02	-9.88267e-01
2.18106e-02	-7.30612e-01
2.18106e-02	-4.24443e-01
2.18106e-02	4.25170e-01
2.18106e-02	2.96564e+01
2.18106e-02	1.07020e+02
2.18106e-02	2.48466e+02
2.18106e-02	2.73621e+02
2.18106e-02	2.87530e+02
2.18106e-02	2.89726e+02
2.18106e-02	2.98802e+02
2.18106e-02	3.02784e+02
2.18106e-02	3.03811e+02
2.18106e-02	3.06375e+02
2.18106e-02	3.06859e+02
2.18106e-02	3.07126e+02
2.21658e-02	3.05012e+02
2.21658e-02	3.05161e+02
2.21658e-02	3.04924e+02
2.21658e-02	3.04435e+02
2.21658e-02	2.93181e+02
2.21658e-02	2.82404e+02
2.21658e-02	2.73866e+02
2.21658e-02	2.67646e+02
2.21659e-02	2.63771e+02
2.21659e-02	2.59244e+02
2.21659e-02	2.20810e+02
2.21659e-02	1.25554e+02
2.21659e-02	1.87252e+01
2.21659e-02	1.08915e+01
2.21659e-02	4.62318e+00
2.21659e-02	1.49948e+00
2.21659e-02	-7.85367e-01
2.21660e-02	-9.12198e-01
2.45412e-02	-5.26059e-01
2.45412e-02	-6.75706e-01
2.47969e-02	-5.60884e-01
2.47969e-02	1.54105e-01
2.47969e-02	-1.90405e-01
2.47970e-02	-3.42426e-01
2.58744e-02	-2.07392e-01
2.58744e-02	-4.93821e-01
2.58744e-02	-3.82184e-01
2.58744e-02	-6.45417e-01
2.61305e-02	-5.07573e-01
2.61305e-02	6.50346e-01
2.61305e-02	1.33135e+00
2.61305e-02	1.65721e+00
2.61305e-02	1.39783e+00
2.61305e-02	3.73686e-01
2.61305e-02	9.16747e-02
2.61306e-02	-8.21359e-02
2.71982e-02	-8.92289e-02
2.71982e-02	-4.18209e-01
2.71982e-02	-3.18541e-01
2.71982e-02	-6.23578e-01
2.72477e-02	-5.70242e-01
2.72477e-02	3.18744e+01
2.72477e-02	1.09526e+02
2.72477e-02	2.08597e+02
2.72477e-02	2.90508e+02
2.72477e-02	2.96574e+02
2.72477e-02	3.02270e+02
2.72477e-02	3.04003e+02
2.72477e-02	3.04501e+02
2.72477e-02	3.05906e+02
2.72477e-02	3.07543e+02
2.72477e-02	3.09648e+02
2.72477e-02	3.09849e+02
2.72481e-02	3.09971e+02
2.74739e-02	3.07932e+02
2.74739e-02	3.08162e+02
2.74739e-02	3.07808e+02
2.74739e-02	3.07403e+02
2.74739e-02	3.03943e+02
2.74739e-02	3.03425e+02
2.74739e-02	3.02857e+02
2.74739e-02	3.02112e+02
2.74739e-02	3.00694e+02
2.74739e-02	2.98267e+02
2.74739e-02	2.93693e+02
2.74739e-02	2.86577e+02
2.74739e-02	2.76456e+02
2.74739e-02	2.63761e+02
2.74739e-02	2.41735e+02
2.74739e-02	2.16589e+02
2.74739e-02	1.78023e+02
2.74739e-02	1.30723e+02
2.74739e-02	7.13915e+01
2.74739e-02	2.52052e+01
2.74739e-02	5.77640e+00
2.74739e-02	3.22404e-01
2.74739e-02	-7.18323e-01
2.84578e-02	-6.44687e-01
2.84578e-02	2.27724e+01
2.84578e-02	9.05199e+01
2.84578e-02	2.10743e+02
2.84578e-02	2.27315e+02
2.84578e-02	2.56143e+02
2.84578e-02	2.78178e+02
2.84578e-02	2.88898e+02
2.84578e-02	3.01418e+02
2.84578e-02	3.05061e+02
2.84578e-02	3.06103e+02
2.84578e-02	3.08610e+02
2.84578e-02	3.08976e+02
2.84579e-02	3.09198e+02
2.87634e-02	3.06687e+02
2.89108e-02	3.05781e+02
2.89108e-02	3.05402e+02
2.89108e-02	3.04783e+02
2.89108e-02	2.93307e+02
2.89108e-02	2.82603e+02
2.89108e-02	2.74323e+02
2.89108e-02	2.68802e+02
2.89108e-02	2.64914e+02
2.89108e-02	2.61628e+02
2.89108e-02	2.40500e+02
2.89108e-02	1.66153e+02
2.89108e-02	3.75524e+01
2.89108e-02	2.69067e+01
2.89108e-02	1.86138e+01
2.89108e-02	1.24983e+01
2.89108e-02	2.62363e+00
2.89108e-02	-7.46066e-01
2.89109e-02	-8.74697e-01
2.96927e-02	-7.65871e-01
2.96927e-02	6.27368e+00
2.96927e-02	3.97280e+01
2.96927e-02	1.25759e+02
2.96927e-02	2.52011e+02
2.96927e-02	2.65000e+02
2.96927e-02	2.76260e+02
2.96927e-02	2.85769e+02
2.96927e-02	2.98221e+02
2.96927e-02	3.03517e+02
2.96927e-02	3.04684e+02
2.96927e-02	3.07197e+02
2.96927e-02	3.07587e+02
2.96927e-02	3.07885e+02
2.96928e-02	3.08054e+02
3.00003e-02	3.05822e+02
3.03640e-02	3.03972e+02
3.03640e-02	3.03988e+02
3.03640e-02	3.03657e+02
3.03640e-02	3.02508e+02
3.03640e-02	2.99052e+02
3.03640e-02	2.94452e+02
3.03640e-02	2.89295e+02
3.03640e-02	2.83318e+02
3.03640e-02	2.77952e+02
3.03640e-02	2.73215e+02
3.03640e-02	2.69512e+02
3.03640e-02	2.66009e+02
3.03640e-02	2.63704e+02
3.03640e-02	2.61801e+02
3.03640e-02	2.56450e+02
3.03640e-02	2.55321e+02
3.03640e-02	1.41512e+02
3.03640e-02	2.47070e+01
3.03640e-02	1.62251e+01
3.03640e-02	-7.60035e-01
3.03641e-02	-9.28556e-01
3.09240e-02	-7.99996e-01
3.09240e-02	3.91343e+00
3.09240e-02	3.40134e+01
3.09240e-02	1.15882e+02
3.09240e-02	2.43697e+02
3.09240e-02	2.47489e+02
3.09240e-02	2.54596e+02
3.09240e-02	2.66700e+02
3.09240e-02	2.86437e+02
3.09240e-02	2.88610e+02
3.09240e-02	2.97951e+02
3.09240e-02	3.02021e+02
3.09240e-02	3.03039e+02
3.09240e-02	3.05597e+02
3.09240e-02	3.06138e+02
3.09240e-02	3.06427e+02
3.09242e-02	3.06557e+02
3.12700e-02	3.04545e+02
3.16756e-02	3.02938e+02
3.18106e-02	3.02595e+02
3.18106e-02	3.02671e+02
3.18106e-02	3.01844e+02
3.18106e-02	3.01060e+02
3.18106e-02	2.99854e+02
3.18106e-02	2.96837e+02
3.18106e-02	2.91873e+02
3.18106e-02	2.86170e+02
3.18106e-02	2.80137e+02
3.18106e-02	2.73336e+02
3.18106e-02	2.66270e+02
3.18106e-02	2.62951e+02
3.18106e-02	2.60776e+02
3.18106e-02	2.56367e+02
3.18106e-02	2.53517e+02
3.18106e-02	2.49181e+02
3.18106e-02	2.39637e+02
3.18106e-02	2.18573e+02
3.18106e-02	1.86609e+02
3.18106e-02	1.52566e+02
3.18106e-02	1.11494e+02
3.18106e-02	4.81734e+01
3.18106e-02	3.88998e+01
3.18106e-02	2.47584e+01
3.18106e-02	1.45138e+01
3.18106e-02	6.41838e+00
3.18106e-02	2.54075e+00
3.18106e-02	1.20744e+00
3.18106e-02	2.40882e-01
3.18106e-02	-4.79331e-01
3.18106e-02	-7.77363e-01
3.18106e-02	-9.56839e-01
3.21658e-02	-8.83514e-01
3.21658e-02	-2.93971e-01
3.21659e-02	1.80659e+01
3.21659e-02	9.05430e+01
3.21659e-02	2.17294e+02
3.21659e-02	2.33731e+02
3.21659e-02	2.60548e+02
3.21659e-02	2.78200e+02
3.21659e-02	2.90385e+02
3.21659e-02	2.96864e+02
3.21659e-02	2.98598e+02
3.21659e-02	2.99277e+02
3.21659e-02	2.99902e+02
3.21659e-02	3.03241e+02
3.21659e-02	3.04124e+02
3.21659e-02	3.04517e+02
3.21659e-02	3.04761e+02
3.25887e-02	3.03034e+02
3.31200e-02	3.01688e+02
3.32266e-02	3.01561e+02
3.32266e-02	3.01470e+02
3.32266e-02	3.00548e+02
3.32266e-02	2.97960e+02
3.32266e-02	2.93444e+02
3.32266e-02	2.82539e+02
3.32266e-02	2.76734e+02
3.32266e-02	2.70283e+02
3.32266e-02	2.64781e+02
3.32266e-02	2.61868e+02
3.32266e-02	2.59495e+02
3.32266e-02	2.54955e+02
3.32266e-02	2.49553e+02
3.32266e-02	2.39481e+02
3.32266e-02	2.21007e+02
3.32266e-02	1.91489e+02
3.32266e-02	1.53289e+02
3.32266e-02	2.24758e+01
3.32266e-02	1.17784e+01
3.32266e-02	4.86271e+00
3.32266e-02	1.73465e+00
3.32266e-02	5.88123e-01
3.32266e-02	-2.81192e-01
3.32266e-02	-8.09963e-01
3.32266e-02	-9.96424e-01
3.34320e-02	-9.47542e-01
3.34320e-02	-3.87365e-01
3.34320e-02	2.28250e+00
3.34320e-02	4.46835e+01
3.34320e-02	1.50393e+02
3.34320e-02	2.69583e+02
3.34320e-02	2.79562e+02
3.34320e-02	2.90113e+02
3.34320e-02	2.94960e+02
3.34320e-02	2.96652e+02
3.34320e-02	2.97436e+02
3.34320e-02	2.98083e+02
3.34320e-02	3.01632e+02
3.34320e-02	3.02401e+02
3.34320e-02	3.02823e+02
3.34320e-02	3.03064e+02
3.40129e-02	3.01623e+02
3.45981e-02	3.00857e+02
3.45982e-02	3.00922e+02
3.45982e-02	2.99080e+02
3.45982e-02	2.92258e+02
3.45982e-02	2.81823e+02
3.45982e-02	2.72197e+02
3.45982e-02	2.64772e+02
3.45982e-02	2.61153e+02
3.45982e-02	2.54180e+02
3.45982e-02	2.48599e+02
3.45982e-02	2.38075e+02
3.45982e-02	2.17406e+02
3.45982e-02	1.87480e+02
3.45982e-02	1.47280e+02
3.45982e-02	1.09684e+02
3.45982e-02	4.39961e+01
3.45982e-02	2.05543e+01
3.45982e-02	1.05027e+01
3.45982e-02	2.96470e+00
3.45982e-02	1.06930e+00
3.45982e-02	-2.90616e-01
3.45982e-02	-7.08618e-01
3.45982e-02	-9.44492e-01
3.45983e-02	-1.08045e+00
3.47345e-02	-1.02386e+00
3.47345e-02	-3.51399e-01
3.47345e-02	6.59115e-01
3.47345e-02	1.06366e+00
3.47345e-02	2.81819e+00
3.47345e-02	5.49786e+00
3.47345e-02	1.29221e+02
3.47345e-02	2.55325e+02
3.47345e-02	2.67916e+02
3.47345e-02	2.83508e+02
3.47345e-02	2.91231e+02
3.47345e-02	2.94718e+02
3.47345e-02	2.95917e+02
3.47345e-02	2.96490e+02
3.47345e-02	2.97030e+02
3.47346e-02	3.00779e+02
3.47346e-02	3.01372e+02
3.47346e-02	3.01777e+02
3.47346e-02	3.01990e+02
3.54167e-02	3.00910e+02
3.59225e-02	3.00543e+02
3.59225e-02	3.00588e+02
3.59225e-02	3.00360e+02
3.59225e-02	2.99176e+02
3.59225e-02	2.95822e+02
3.59225e-02	2.90650e+02
3.59225e-02	2.84417e+02
3.59225e-02	2.78344e+02
3.59225e-02	2.72880e+02
3.59225e-02	2.65913e+02
3.59225e-02	2.61941e+02
3.59225e-02	2.59512e+02
3.59225e-02	2.54887e+02
3.59225e-02	2.52945e+02
3.59225e-02	2.51004e+02
3.59225e-02	2.46912e+02
3.59225e-02	2.38826e+02
3.59225e-02	2.21824e+02
3.59225e-02	1.94931e+02
3.59225e-02	1.61547e+02
3.59225e-02	1.22346e+02
3.59225e-02	6.77251e+01
3.59225e-02	3.38712e+01
3.59225e-02	1.74856e+01
3.59225e-02	8.62127e+00
3.59225e-02	2.56469e+00
3.59225e-02	8.76912e-01
3.59225e-02	-3.54604e-01
3.59225e-02	-7.21358e-01
3.59225e-02	-9.75286e-01
3.59230e-02	-1.09296e+00
3.60822e-02	-9.86944e-01
3.60822e-02	-2.37039e-01
3.60822e-02	1.01898e+00
3.60822e-02	2.13929e+00
3.60822e-02	4.33133e+00
3.60822e-02	5.88074e+00
3.60822e-02	8.76846e+00
3.60822e-02	1.32476e+02
3.60822e-02	2.57070e+02
3.60822e-02	2.69348e+02
3.60822e-02	2.84257e+02
3.60822e-02	2.91639e+02
3.60822e-02	2.94817e+02
3.60822e-02	2.95924e+02
3.60822e-02	2.96433e+02
3.60822e-02	2.97278e+02
3.60822e-02	3.00717e+02
3.60822e-02	3.01281e+02
3.60822e-02	3.01674e+02
3.60823e-02	3.01885e+02
3.68165e-02	3.00805e+02
3.72055e-02	3.00566e+02
3.72055e-02	3.00444e+02
3.72055e-02	2.99600e+02
3.72055e-02	2.97172e+02
3.72055e-02	2.92832e+02
3.72055e-02	2.81836e+02
3.72055e-02	2.76672e+02
3.72055e-02	2.71267e+02
3.72055e-02	2.66867e+02
3.72055e-02	2.63420e+02
3.72055e-02	2.60484e+02
3.72055e-02	2.58040e+02
3.72055e-02	2.56034e+02
3.72055e-02	2.53631e+02
3.72055e-02	2.45208e+02
3.72055e-02	2.29750e+02
3.72055e-02	2.00798e+02
3.72055e-02	1.61537e+02
3.72055e-02	1.23302e+02
3.72055e-02	7.60595e+01
3.72055e-02	3.68691e+01
3.72055e-02	1.85271e+01
3.72055e-02	9.29360e+00
3.72055e-02	2.77886e+00
3.72055e-02	1.01250e+00
3.72055e-02	-3.07451e-01
3.72055e-02	-7.09591e-01
3.72055e-02	-9.67141e-01
3.72057e-02	-1.09269e+00
3.74770e-02	-9.57738e-01
3.74770e-02	-2.96997e-01
3.74770e-02	1.01069e+00
3.74770e-02	2.99634e+00
3.74770e-02	5.62206e+00
3.74770e-02	1.00456e+01
3.74770e-02	1.19195e+02
3.74770e-02	2.45448e+02
3.74770e-02	2.59483e+02
3.74770e-02	2.79091e+02
3.74770e-02	2.88638e+02
3.74770e-02	2.94297e+02
3.74770e-02	2.96320e+02
3.74770e-02	2.97090e+02
3.74770e-02	2.97624e+02
3.74770e-02	3.01268e+02
3.74770e-02	3.02056e+02
3.74770e-02	3.02456e+02
3.74771e-02	3.02724e+02
3.81310e-02	3.01331e+02
3.84578e-02	3.00946e+02
3.84578e-02	3.00588e+02
3.84578e-02	2.97118e+02
3.84578e-02	2.88452e+02
3.84578e-02	2.77872e+02
3.84578e-02	2.69356e+02
3.84578e-02	2.62975e+02
3.84578e-02	2.58544e+02
3.84578e-02	2.31650e+02
3.84578e-02	1.48834e+02
3.84578e-02	2.22292e+01
3.84578e-02	-8.30018e-01
3.84578e-02	-1.01460e+00
3.89108e-02	-9.41173e-01
3.89108e-02	-4.44867e-01
3.89108e-02	5.04400e-01
3.89108e-02	4.30092e+00
3.89108e-02	8.15397e+01
3.89108e-02	2.13265e+02
3.89108e-02	2.30951e+02
3.89108e-02	2.59415e+02
3.89108e-02	2.77543e+02
3.89108e-02	2.90152e+02
3.89108e-02	2.96524e+02
3.89108e-02	2.98151e+02
3.89108e-02	2.98774e+02
3.89108e-02	2.99346e+02
3.89108e-02	3.02715e+02
3.89108e-02	3.03570e+02
3.89108e-02	3.03961e+02
3.89108e-02	3.04210e+02
3.94027e-02	3.02489e+02
3.96927e-02	3.01867e+02
3.96927e-02	3.01979e+02
3.96927e-02	3.01736e+02
3.96927e-02	3.00505e+02
3.96927e-02	2.96693e+02
3.96927e-02	2.91541e+02
3.96927e-02	2.85641e+02
3.96927e-02	2.79618e+02
3.96927e-02	2.72949e+02
3.96927e-02	2.65668e+02
3.96927e-02	2.62388e+02
3.96927e-02	2.60156e+02
3.96927e-02	2.55745e+02
3.96927e-02	2.53643e+02
3.96927e-02	2.53269e+02
3.96927e-02	2.52139e+02
3.96927e-02	1.23612e+02
3.96927e-02	1.63247e+01
3.96927e-02	7.84021e+00
3.96927e-02	-8.78718e-01
3.96927e-02	-1.04002e+00
4.03640e-02	-8.45165e-01
4.03640e-02	-6.86466e-01
4.03640e-02	5.07934e+00
4.03640e-02	4.62371e+01
4.03640e-02	1.43830e+02
4.03640e-02	2.68164e+02
4.03640e-02	2.69975e+02
4.03640e-02	2.91811e+02
4.03640e-02	3.00625e+02
4.03640e-02	3.02043e+02
4.03641e-02	3.04564e+02
4.03641e-02	3.05051e+02
4.03641e-02	3.05459e+02
4.03641e-02	3.05745e+02
4.08338e-02	3.03531e+02
4.09240e-02	3.03270e+02
4.09240e-02	3.03310e+02
4.09240e-02	3.03077e+02
4.09240e-02	3.02031e+02
4.09240e-02	2.99168e+02
4.09240e-02	2.94706e+02
4.09240e-02	2.83258e+02
4.09240e-02	2.77375e+02
4.09240e-02	2.71206e+02
4.09240e-02	2.66613e+02
4.09240e-02	2.63736e+02
4.09240e-02	2.61549e+02
4.09240e-02	2.55549e+02
4.09240e-02	2.53575e+02
4.09240e-02	2.50905e+02
4.09240e-02	1.04442e+02
4.09240e-02	8.53724e+01
4.09240e-02	6.66331e+01
4.09240e-02	4.93826e+01
4.09240e-02	3.38574e+01
4.09240e-02	2.32743e+01
4.09240e-02	1.71395e+01
4.09240e-02	-7.97387e-01
4.09240e-02	-9.62855e-01
4.18106e-02	-7.72763e-01
4.18106e-02	-1.83718e-01
4.18106e-02	4.83404e+01
4.18106e-02	1.50372e+02
4.18106e-02	2.71886e+02
4.18106e-02	2.82751e+02
4.18106e-02	2.94419e+02
4.18106e-02	2.99447e+02
4.18106e-02	3.01188e+02
4.18106e-02	3.01946e+02
4.18106e-02	3.02587e+02
4.18106e-02	3.06188e+02
4.18106e-02	3.06619e+02
4.18106e-02	3.06984e+02
4.18106e-02	3.07207e+02
4.21658e-02	3.04961e+02
4.21658e-02	3.05233e+02
4.21658e-02	2.97010e+02
4.21658e-02	2.86698e+02
4.21658e-02	2.77031e+02
4.21658e-02	2.69725e+02
4.21658e-02	2.66442e+02
4.21658e-02	2.63178e+02
4.21658e-02	2.60698e+02
4.21658e-02	2.57237e+02
4.21659e-02	2.45964e+02
4.21659e-02	2.32607e+02
4.21659e-02	7.30847e+01
4.21659e-02	5.55685e+01
4.21659e-02	2.62950e+01
4.21659e-02	7.02736e+00
4.21659e-02	-7.90524e-01
4.21661e-02	-9.12186e-01
4.45412e-02	-5.47797e-01
4.45412e-02	-6.71862e-01
4.47969e-02	-5.62234e-01
4.47969e-02	1.13891e-01
4.47969e-02	-2.03423e-01
4.47971e-02	-3.42418e-01
4.58744e-02	-1.87476e-01
4.58744e-02	-4.95510e-01
4.58744e-02	-4.53521e-01
4.58744e-02	-6.51623e-01
4.61305e-02	-5.04184e-01
4.61305e-02	6.64052e-01
4.61305e-02	1.34156e+00
4.61305e-02	1.65625e+00
4.61305e-02	1.38719e+00
4.61305e-02	3.67035e-01
4.61305e-02	9.08876e-02
4.61306e-02	-8.21385e-02
4.71982e-02	-6.72221e-02
4.71982e-02	-3.73503e-01
4.71982e-02	-3.61652e-01
4.71982e-02	-6.23729e-01
4.72484e-02	-5.70596e-01
4.72484e-02	-2.97717e-01
4.72484e-02	1.44099e+01
4.72484e-02	7.16715e+01
4.72484e-02	1.68464e+02
4.72484e-02	2.70276e+02
4.72484e-02	2.80000e+02
4.72484e-02	2.92925e+02
4.72484e-02	2.99079e+02
4.72484e-02	3.03048e+02
4.72484e-02	3.04494e+02
4.72484e-02	3.05175e+02
4.72484e-02	3.05813e+02
4.72484e-02	3.09434e+02
4.72484e-02	3.09796e+02
4.72485e-02	3.09973e+02
4.74739e-02	3.07917e+02
4.74739e-02	3.08167e+02
4.74739e-02	3.07822e+02
4.74739e-02	3.07465e+02
4.74739e-02	3.03869e+02
4.74739e-02	3.03267e+02
4.74739e-02	3.02628e+02
4.74739e-02	2.85354e+02
4.74739e-02	2.61576e+02
4.74739e-02	2.31729e+02
4.74739e-02	1.98454e+02
4.74739e-02	1.53138e+02
4.74739e-02	1.03029e+02
4.74739e-02	5.61541e+01
4.74739e-02	2.34293e+01
4.74739e-02	6.31969e+00
4.74739e-02	1.97975e+00
4.74739e-02	-7.06964e-01
4.84578e-02	-6.76796e-01
4.84578e-02	2.16068e+01
4.84578e-02	8.85161e+01
4.84578e-02	1.94100e+02
4.84578e-02	2.89762e+02
4.84578e-02	2.96474e+02
4.84578e-02	3.02093e+02
4.84578e-02	3.03579e+02
4.84578e-02	3.04909e+02
4.84578e-02	3.05859e+02
4.84578e-02	3.08635e+02
4.84578e-02	3.08987e+02
4.84579e-02	3.09205e+02
4.87672e-02	3.06662e+02
4.89108e-02	3.05809e+02
4.89108e-02	3.05793e+02
4.89108e-02	3.05339e+02
4.89108e-02	3.03789e+02
4.89108e-02	2.92570e+02
4.89108e-02	2.81897e+02
4.89108e-02	2.73816e+02
4.89108e-02	2.68427e+02
4.89108e-02	2.64558e+02
4.89108e-02	2.61208e+02
4.89108e-02	2.33884e+02
4.89108e-02	1.50448e+02
4.89108e-02	2.70463e+01
4.89108e-02	7.91168e+00
4.89108e-02	-7.44232e-01
4.89109e-02	-8.74625e-01
4.96927e-02	-7.74713e-01
4.96927e-02	6.46787e+00
4.96927e-02	4.89166e+01
4.96927e-02	1.46740e+02
4.96927e-02	2.67560e+02
4.96927e-02	2.79092e+02
4.96927e-02	2.89558e+02
4.96927e-02	3.00893e+02
4.96927e-02	3.03874e+02
4.96927e-02	3.04816e+02
4.96927e-02	3.06816e+02
4.96927e-02	3.07631e+02
4.96927e-02	3.07903e+02
4.96928e-02	3.08055e+02
5.00002e-02	3.05823e+02
5.03640e-02	3.03979e+02
5.03640e-02	3.04128e+02
5.03640e-02	3.04039e+02
5.03640e-02	3.03417e+02
5.03640e-02	3.01693e+02
5.03640e-02	2.98506e+02
5.03640e-02	2.94675e+02
5.03640e-02	2.89447e+02
5.03640e-02	2.83225e+02
5.03640e-02	2.76612e+02
5.03640e-02	2.69141e+02
5.03640e-02	2.65389e+02
5.03640e-02	2.63135e+02
5.03640e-02	2.56881e+02
5.03640e-02	2.51824e+02
5.03640e-02	2.32095e+02
5.03640e-02	8.98562e+01
5.03640e-02	7.14576e+01
5.03640e-02	3.72863e+01
5.03640e-02	2.59705e+01
5.03640e-02	1.71712e+01
5.03640e-02	1.07909e+01
5.03640e-02	8.96849e+00
5.03640e-02	-7.88482e-01
5.03641e-02	-9.52021e-01
5.09240e-02	-7.79515e-01
5.09240e-02	5.21424e+00
5.09240e-02	4.96281e+01
5.09240e-02	1.51045e+02
5.09240e-02	2.70456e+02
5.09240e-02	2.81198e+02
5.09240e-02	2.93003e+02
5.09240e-02	2.98413e+02
5.09240e-02	3.00381e+02
5.09240e-02	3.01223e+02
5.09240e-02	3.01874e+02
5.09240e-02	3.05452e+02
5.09240e-02	3.06123e+02
5.09240e-02	3.06420e+02
5.09242e-02	3.06558e+02
5.13005e-02	3.04399e+02
5.17531e-02	3.02697e+02
5.18106e-02	3.02595e+02
5.18106e-02	3.02676e+02
5.18106e-02	2.93071e+02
5.18106e-02	2.82467e+02
5.18106e-02	2.73203e+02
5.18106e-02	2.66317e+02
5.18106e-02	2.62972e+02
5.18106e-02	2.59724e+02
5.18106e-02	2.57079e+02
5.18106e-02	2.53560e+02
5.18106e-02	2.48281e+02
5.18106e-02	2.37521e+02
5.18106e-02	2.14772e+02
5.18106e-02	1.85111e+02
5.18106e-02	1.50178e+02
5.18106e-02	1.08769e+02
5.18106e-02	4.29682e+01
5.18106e-02	2.05476e+01
5.18106e-02	9.62515e+00
5.18106e-02	9.45093e+00
5.18106e-02	-8.58234e-01
5.18107e-02	-1.01340e+00
5.21659e-02	-8.71462e-01
5.21659e-02	-3.37879e-01
5.21659e-02	7.73193e+00
5.21659e-02	5.70368e+01
5.21659e-02	1.60369e+02
5.21659e-02	2.75254e+02
5.21659e-02	2.84858e+02
5.21659e-02	2.94378e+02
5.21659e-02	2.97565e+02
5.21659e-02	2.98770e+02
5.21659e-02	2.99369e+02
5.21659e-02	2.99939e+02
5.21659e-02	3.03317e+02
5.21659e-02	3.04151e+02
5.21659e-02	3.04526e+02
5.21659e-02	3.04761e+02
5.25881e-02	3.03036e+02
5.31222e-02	3.01684e+02
5.32266e-02	3.01583e+02
5.32266e-02	3.01085e+02
5.32266e-02	2.99393e+02
5.32266e-02	2.94561e+02
5.32266e-02	2.89247e+02
5.32266e-02	2.83357e+02
5.32266e-02	2.77199e+02
5.32266e-02	2.71873e+02
5.32266e-02	2.65673e+02
5.32266e-02	2.62548e+02
5.32266e-02	2.60132e+02
5.32266e-02	2.53959e+02
5.32266e-02	2.52105e+02
5.32266e-02	2.49491e+02
5.32266e-02	2.49007e+02
5.32266e-02	2.47457e+02
5.32266e-02	2.42992e+02
5.32266e-02	2.31721e+02
5.32266e-02	2.09632e+02
5.32266e-02	1.79312e+02
5.32266e-02	1.43572e+02
5.32266e-02	9.85323e+01
5.32266e-02	3.79277e+01
5.32266e-02	1.77267e+01
5.32266e-02	9.01521e+00
5.32266e-02	2.43862e+00
5.32266e-02	-9.05888e-01
5.32267e-02	-1.05425e+00
5.34320e-02	-9.76109e-01
5.34320e-02	-4.25214e-01
5.34320e-02	1.70949e+00
5.34320e-02	3.54222e+01
5.34320e-02	1.29585e+02
5.34320e-02	2.54333e+02
5.34320e-02	2.66965e+02
5.34320e-02	2.83212e+02
5.34320e-02	2.92307e+02
5.34320e-02	2.93497e+02
5.34320e-02	2.94352e+02
5.34320e-02	2.97188e+02
5.34320e-02	2.98684e+02
5.34320e-02	3.01710e+02
5.34320e-02	3.02435e+02
5.34320e-02	3.02836e+02
5.34320e-02	3.03068e+02
5.40089e-02	3.01631e+02
5.45982e-02	3.00881e+02
5.45982e-02	3.00985e+02
5.45982e-02	3.00688e+02
5.45982e-02	2.99295e+02
5.45982e-02	2.95310e+02
5.45982e-02	2.90097e+02
5.45982e-02	2.84077e+02
5.45982e-02	2.78135e+02
5.45982e-02	2.71375e+02
5.45982e-02	2.64312e+02
5.45982e-02	2.61101e+02
5.45982e-02	2.58768e+02
5.45982e-02	2.54002e+02
5.45982e-02	2.47812e+02
5.45982e-02	2.35431e+02
5.45982e-02	2.13099e+02
5.45982e-02	1.80188e+02
5.45982e-02	1.38557e+02
5.45982e-02	1.01214e+02
5.45982e-02	3.75662e+01
5.45982e-02	1.71283e+01
5.45982e-02	8.44210e+00
5.45982e-02	2.43603e+00
5.45982e-02	8.11610e-01
5.45982e-02	-3.71561e-01
5.45982e-02	-7.25883e-01
5.45982e-02	-9.64579e-01
5.45987e-02	-1.08038e+00
5.47345e-02	-9.88123e-01
5.47345e-02	-2.80633e-01
5.47345e-02	8.74609e-01
5.47345e-02	1.10139e+00
5.47345e-02	3.42978e+00
5.47345e-02	6.39144e+00
5.47345e-02	9.65457e+00
5.47345e-02	1.06675e+01
5.47345e-02	1.17974e+02
5.47345e-02	2.42725e+02
5.47345e-02	2.56774e+02
5.47345e-02	2.76750e+02
5.47345e-02	2.86916e+02
5.47345e-02	2.93137e+02
5.47345e-02	2.95355e+02
5.47345e-02	2.96196e+02
5.47345e-02	2.96793e+02
5.47346e-02	2.99846e+02
5.47346e-02	3.00891e+02
5.47346e-02	3.01411e+02
5.47346e-02	3.01786e+02
5.47346e-02	3.01991e+02
5.54121e-02	3.00915e+02
5.59225e-02	3.00543e+02
5.59225e-02	3.00589e+02
5.59225e-02	3.00403e+02
5.59225e-02	2.99334e+02
5.59225e-02	2.96280e+02
5.59225e-02	2.91334e+02
5.59225e-02	2.85531e+02
5.59225e-02	2.79479e+02
5.59225e-02	2.73888e+02
5.59225e-02	2.67182e+02
5.59225e-02	2.62699e+02
5.59225e-02	2.60076e+02
5.59225e-02	2.57596e+02
5.59225e-02	2.53300e+02
5.59225e-02	2.50565e+02
5.59225e-02	2.44529e+02
5.59225e-02	2.33656e+02
5.59225e-02	2.12538e+02
5.59225e-02	1.80338e+02
5.59225e-02	1.48150e+02
5.59225e-02	1.02430e+02
5.59225e-02	4.09537e+01
5.59225e-02	1.90671e+01
5.59225e-02	9.57601e+00
5.59225e-02	2.68113e+00
5.59225e-02	8.93016e-01
5.59225e-02	-3.52448e-01
5.59225e-02	-7.23277e-01
5.59225e-02	-9.73438e-01
5.59228e-02	-1.09301e+00
5.60822e-02	-1.03285e+00
5.60822e-02	-4.00592e-01
5.60822e-02	7.30469e-01
5.60822e-02	1.02823e+00
5.60822e-02	4.40751e+00
5.60822e-02	9.63375e+00
5.60822e-02	1.39554e+01
5.60822e-02	1.59790e+01
5.60822e-02	1.49500e+02
5.60822e-02	2.68246e+02
5.60822e-02	2.78512e+02
5.60822e-02	2.89286e+02
5.60822e-02	2.93806e+02
5.60822e-02	2.95409e+02
5.60822e-02	2.96096e+02
5.60822e-02	2.96734e+02
5.60822e-02	3.00110e+02
5.60822e-02	3.01014e+02
5.60822e-02	3.01474e+02
5.60822e-02	3.01799e+02
5.69670e-02	3.00668e+02
5.72055e-02	3.00549e+02
5.72055e-02	3.00679e+02
5.72055e-02	3.00587e+02
5.72055e-02	2.99697e+02
5.72055e-02	2.97365e+02
5.72055e-02	2.92963e+02
5.72055e-02	2.82268e+02
5.72055e-02	2.75096e+02
5.72055e-02	2.67809e+02
5.72055e-02	2.62744e+02
5.72055e-02	2.60055e+02
5.72055e-02	2.57410e+02
5.72055e-02	2.54961e+02
5.72055e-02	2.52387e+02
5.72055e-02	2.49256e+02
5.72055e-02	2.42152e+02
5.72055e-02	2.27306e+02
5.72055e-02	2.04342e+02
5.72055e-02	1.73020e+02
5.72055e-02	1.38125e+02
5.72055e-02	8.71635e+01
5.72055e-02	3.88043e+01
5.72055e-02	1.89322e+01
5.72055e-02	9.56669e+00
5.72055e-02	2.80249e+00
5.72055e-02	9.95516e-01
5.72055e-02	-3.15957e-01
5.72055e-02	-7.41842e-01
5.72055e-02	-9.85116e-01
5.72066e-02	-1.09240e+00
5.74770e-02	-9.45360e-01
5.74770e-02	-2.77888e-01
5.74770e-02	9.52552e-01
5.74770e-02	1.34071e+00
5.74770e-02	2.40630e+00
5.74770e-02	1.12561e+02
5.74770e-02	2.41644e+02
5.74770e-02	2.56190e+02
5.74770e-02	2.76960e+02
5.74770e-02	2.87328e+02
5.74770e-02	2.93828e+02
5.74770e-02	2.96147e+02
5.74770e-02	2.96990e+02
5.74770e-02	2.97579e+02
5.74770e-02	2.99903e+02
5.74770e-02	3.01634e+02
5.74770e-02	3.02190e+02
5.74770e-02	3.02561e+02
5.74771e-02	3.02758e+02
5.80811e-02	3.01409e+02
5.84578e-02	3.00994e+02
5.84578e-02	3.00589e+02
5.84578e-02	2.99113e+02
5.84578e-02	2.95102e+02
5.84578e-02	2.90114e+02
5.84578e-02	2.84272e+02
5.84578e-02	2.78249e+02
5.84578e-02	2.72938e+02
5.84578e-02	2.67462e+02
5.84578e-02	2.63790e+02
5.84578e-02	2.60854e+02
5.84578e-02	2.58640e+02
5.84578e-02	2.54408e+02
5.84578e-02	2.48194e+02
5.84578e-02	2.36721e+02
5.84578e-02	2.15903e+02
5.84578e-02	1.84092e+02
5.84578e-02	1.45061e+02
5.84578e-02	1.07576e+02
5.84578e-02	4.25349e+01
5.84578e-02	1.99584e+01
5.84578e-02	1.02350e+01
5.84578e-02	2.58590e+00
5.84578e-02	-9.26465e-01
5.84579e-02	-1.07659e+00
5.89108e-02	-9.06810e-01
5.89108e-02	-3.98827e-01
5.89108e-02	5.08657e+00
5.89108e-02	4.84942e+01
5.89108e-02	1.49513e+02
5.89108e-02	2.69209e+02
5.89108e-02	2.79895e+02
5.89108e-02	2.91411e+02
5.89108e-02	2.96205e+02
5.89108e-02	2.97924e+02
5.89108e-02	2.98618e+02
5.89108e-02	2.99244e+02
5.89108e-02	3.02683e+02
5.89108e-02	3.03551e+02
5.89108e-02	3.03958e+02
5.89108e-02	3.04208e+02
5.93767e-02	3.02560e+02
5.96927e-02	3.01869e+02
5.96927e-02	3.01798e+02
5.96927e-02	3.00938e+02
5.96927e-02	2.98519e+02
5.96927e-02	2.94164e+02
5.96927e-02	2.83587e+02
5.96927e-02	2.77711e+02
5.96927e-02	2.71372e+02
5.96927e-02	2.65432e+02
5.96927e-02	2.62420e+02
5.96927e-02	2.60102e+02
5.96927e-02	2.55799e+02
5.96927e-02	2.53601e+02
5.96927e-02	2.51010e+02
5.96927e-02	2.47014e+02
5.96927e-02	9.13971e+01
5.96927e-02	7.26050e+01
5.96927e-02	3.88705e+01
5.96927e-02	2.14401e+01
5.96927e-02	-8.14248e-01
5.96927e-02	-9.87554e-01
6.00000e-02	-9.55605e-01
